  2.400000063702464E-009 NaN                    
  4.800000127404929E-009 NaN                    
  7.200000191107392E-009 NaN                    
  9.600000254809858E-009 NaN                    
  1.200000031851232E-008 NaN                    
  1.680000044591725E-008 NaN                    
  2.640000070072711E-008 NaN                    
  4.560000121034682E-008 NaN                    
  8.400000222958623E-008 NaN                    
  1.608000042680651E-007 NaN                    
  3.144000083450228E-007 NaN                    
  6.216000164989382E-007 NaN                    
  1.236000032806769E-006 NaN                    
  2.464800065422431E-006 NaN                    
  4.922400130653754E-006 NaN                    
  9.837600261116401E-006 NaN                    
  1.966800052204169E-005 NaN                    
  3.932880104389228E-005 NaN                    
  7.865040208759346E-005 NaN                    
  1.572936041749958E-004 NaN                    
  3.145800083498005E-004 NaN                    
  6.291528166994099E-004 NaN                    
  1.258298433398629E-003 NaN                    
  2.516589666797066E-003 NaN                    
  5.033172133593940E-003 NaN                    
  1.006633706718769E-002 NaN                    
  2.013266693437519E-002 NaN                    
  4.026532666875019E-002 NaN                    
  8.053064613750020E-002 NaN                    
  0.161061285075000      NaN                    
  0.322122562950000      NaN                    
  0.644245118700000      NaN                    
   1.28849023020000      NaN                    
   2.57698045320000      NaN                    
   5.15396089920000      NaN                    
   10.3079217912000      NaN                    
   20.6158435752000      NaN                    
   41.2316871432000      NaN                    
   82.4633742792000      NaN                    
   164.926748551200      NaN                    
   240.000006370246      NaN                    
   390.146522008339      NaN                    
   690.439553284525      NaN                    
   1291.02561583690      NaN                    
   1920.00005096197      NaN                    
   2400.00006370246      NaN                    
