VARIABLES = "x"
 "y"
 "z"
 "H+ - P"
 "Cl- - P"
 "Na+ - P"
 "NO3- - P"
ZONE
0.000	0.000	0.000 	1.0000E-004	  1.0000E-004	    1.0000E-004	  1.0000E-004
0.01581	0.00	0.00	7.32950E-05	9.72550E-05	1.02920E-04	7.89600E-05
0.03817	0.00	0.00	4.53740E-05	9.63950E-05	1.03200E-04	5.21770E-05
0.049745	0.00	0.00	3.94620E-05	9.67030E-05	1.02710E-04	4.54710E-05
0.0590065	0.00	0.00	3.58370E-05	9.70180E-05	1.02310E-04	4.11250E-05
0.0669755	0.00	0.00	3.32260E-05	9.73130E-05	1.01960E-04	3.78750E-05
0.0740825	0.00	0.00	3.11930E-05	9.75850E-05	1.01670E-04	3.52730E-05
0.08056	0.00	0.00	2.95340E-05	9.78350E-05	1.01400E-04	3.31010E-05
0.0865515	0.00	0.00	2.81360E-05	9.80670E-05	1.01170E-04	3.12390E-05
0.092153	0.00	0.00	2.69310E-05	9.82820E-05	1.00960E-04	2.96100E-05
0.097432	0.00	0.00	2.58750E-05	9.84820E-05	1.00770E-04	2.81630E-05
0.102439	0.00	0.00	2.49360E-05	9.86690E-05	1.00600E-04	2.68640E-05
0.107211	0.00	0.00	2.40910E-05	9.88450E-05	1.00440E-04	2.56870E-05
0.11178	0.00	0.00	2.33260E-05	9.90100E-05	1.00300E-04	2.46110E-05
0.116168	0.00	0.00	2.26270E-05	9.91650E-05	1.00160E-04	2.36220E-05
0.120397	0.00	0.00	2.19830E-05	9.93120E-05	1.00040E-04	2.27080E-05
0.124482	0.00	0.00	2.13880E-05	9.94510E-05	9.99230E-05	2.18590E-05
0.128437	0.00	0.00	2.08350E-05	9.95830E-05	9.98160E-05	2.10670E-05
0.132273	0.00	0.00	2.03190E-05	9.97080E-05	9.97170E-05	2.03260E-05
0.136001	0.00	0.00	1.98360E-05	9.98260E-05	9.96230E-05	1.96310E-05
0.13963	0.00	0.00	1.93820E-05	9.99390E-05	9.95360E-05	1.89770E-05
0.143166	0.00	0.00	1.89540E-05	1.00050E-04	9.94540E-05	1.83600E-05
0.146617	0.00	0.00	1.85490E-05	1.00150E-04	9.93780E-05	1.77760E-05
0.149989	0.00	0.00	1.81650E-05	1.00250E-04	9.93060E-05	1.72230E-05
0.153287	0.00	0.00	1.78010E-05	1.00340E-04	9.92380E-05	1.66980E-05
0.156516	0.00	0.00	1.74540E-05	1.00430E-04	9.91750E-05	1.61990E-05
0.159679	0.00	0.00	1.71230E-05	1.00510E-04	9.91150E-05	1.57230E-05
0.16278	0.00	0.00	1.68080E-05	1.00590E-04	9.90590E-05	1.52700E-05
0.165824	0.00	0.00	1.65060E-05	1.00670E-04	9.90060E-05	1.48370E-05
0.168812	0.00	0.00	1.62160E-05	1.00750E-04	9.89560E-05	1.44230E-05
0.171749	0.00	0.00	1.59390E-05	1.00820E-04	9.89090E-05	1.40270E-05
0.174636	0.00	0.00	1.56720E-05	1.00890E-04	9.88640E-05	1.36480E-05
0.177476	0.00	0.00	1.54150E-05	1.00950E-04	9.88220E-05	1.32840E-05
0.180271	0.00	0.00	1.51680E-05	1.01010E-04	9.87830E-05	1.29350E-05
0.183024	0.00	0.00	1.49300E-05	1.01070E-04	9.87450E-05	1.25990E-05
0.185736	0.00	0.00	1.47000E-05	1.01130E-04	9.87100E-05	1.22770E-05
0.188409	0.00	0.00	1.44780E-05	1.01190E-04	9.86770E-05	1.19670E-05
0.191045	0.00	0.00	1.42640E-05	1.01240E-04	9.86460E-05	1.16680E-05
0.193644	0.00	0.00	1.40560E-05	1.01290E-04	9.86160E-05	1.13800E-05
0.196209	0.00	0.00	1.38550E-05	1.01340E-04	9.85880E-05	1.11030E-05
0.198741	0.00	0.00	1.36610E-05	1.01390E-04	9.85620E-05	1.08350E-05
0.201242	0.00	0.00	1.34720E-05	1.01430E-04	9.85370E-05	1.05770E-05
0.203711	0.00	0.00	1.32890E-05	1.01470E-04	9.85140E-05	1.03270E-05
0.206151	0.00	0.00	1.31110E-05	1.01510E-04	9.84920E-05	1.00860E-05
0.208562	0.00	0.00	1.29380E-05	1.01550E-04	9.84720E-05	9.85330E-06
0.210945	0.00	0.00	1.27700E-05	1.01590E-04	9.84520E-05	9.62810E-06
0.213302	0.00	0.00	1.26070E-05	1.01630E-04	9.84340E-05	9.41020E-06
0.215634	0.00	0.00	1.24480E-05	1.01660E-04	9.84170E-05	9.19920E-06
0.21794	0.00	0.00	1.22930E-05	1.01700E-04	9.84010E-05	8.99500E-06
0.220222	0.00	0.00	1.21420E-05	1.01730E-04	9.83860E-05	8.79720E-06
0.222481	0.00	0.00	1.19950E-05	1.01760E-04	9.83720E-05	8.60560E-06
0.224717	0.00	0.00	1.18520E-05	1.01790E-04	9.83590E-05	8.41980E-06
0.226931	0.00	0.00	1.17120E-05	1.01820E-04	9.83470E-05	8.23960E-06
0.229123	0.00	0.00	1.15760E-05	1.01840E-04	9.83360E-05	8.06490E-06
0.231295	0.00	0.00	1.14420E-05	1.01870E-04	9.83250E-05	7.89540E-06
0.233447	0.00	0.00	1.13120E-05	1.01890E-04	9.83160E-05	7.73080E-06
0.235579	0.00	0.00	1.11850E-05	1.01920E-04	9.83070E-05	7.57100E-06
0.237692	0.00	0.00	1.10610E-05	1.01940E-04	9.82990E-05	7.41590E-06
0.239787	0.00	0.00	1.09390E-05	1.01960E-04	9.82910E-05	7.26520E-06
0.241863	0.00	0.00	1.08200E-05	1.01980E-04	9.82840E-05	7.11880E-06
0.243921	0.00	0.00	1.07040E-05	1.02000E-04	9.82780E-05	6.97650E-06
0.245963	0.00	0.00	1.05900E-05	1.02020E-04	9.82720E-05	6.83820E-06
0.247987	0.00	0.00	1.04790E-05	1.02040E-04	9.82670E-05	6.70370E-06
0.249995	0.00	0.00	1.03700E-05	1.02060E-04	9.82620E-05	6.57290E-06
0.251987	0.00	0.00	1.02630E-05	1.02070E-04	9.82580E-05	6.44570E-06
0.253964	0.00	0.00	1.01580E-05	1.02090E-04	9.82550E-05	6.32200E-06
0.255925	0.00	0.00	1.00550E-05	1.02100E-04	9.82520E-05	6.20150E-06
0.257872	0.00	0.00	9.95440E-06	1.02120E-04	9.82490E-05	6.08430E-06
0.259804	0.00	0.00	9.85570E-06	1.02130E-04	9.82470E-05	5.97010E-06
0.261721	0.00	0.00	9.75880E-06	1.02140E-04	9.82450E-05	5.85900E-06
0.263625	0.00	0.00	9.66380E-06	1.02150E-04	9.82440E-05	5.75080E-06
0.265515	0.00	0.00	9.57060E-06	1.02170E-04	9.82430E-05	5.64540E-06
0.267391	0.00	0.00	9.47910E-06	1.02180E-04	9.82420E-05	5.54280E-06
0.269255	0.00	0.00	9.38920E-06	1.02190E-04	9.82420E-05	5.44280E-06
0.271105	0.00	0.00	9.30100E-06	1.02200E-04	9.82420E-05	5.34530E-06
0.272943	0.00	0.00	9.21430E-06	1.02200E-04	9.82430E-05	5.25040E-06
0.274769	0.00	0.00	9.12920E-06	1.02210E-04	9.82430E-05	5.15770E-06
0.276583	0.00	0.00	9.04550E-06	1.02220E-04	9.82450E-05	5.06750E-06
0.278385	0.00	0.00	8.96330E-06	1.02230E-04	9.82460E-05	4.97940E-06
0.280176	0.00	0.00	8.88250E-06	1.02230E-04	9.82480E-05	4.89360E-06
0.281955	0.00	0.00	8.80300E-06	1.02240E-04	9.82490E-05	4.80990E-06
0.283722	0.00	0.00	8.72490E-06	1.02250E-04	9.82520E-05	4.72830E-06
0.285479	0.00	0.00	8.64810E-06	1.02250E-04	9.82540E-05	4.64860E-06
0.287225	0.00	0.00	8.57260E-06	1.02260E-04	9.82570E-05	4.57090E-06
0.28896	0.00	0.00	8.49820E-06	1.02260E-04	9.82590E-05	4.49510E-06
0.290685	0.00	0.00	8.42510E-06	1.02260E-04	9.82620E-05	4.42110E-06
0.2924	0.00	0.00	8.35310E-06	1.02270E-04	9.82660E-05	4.34890E-06
0.294105	0.00	0.00	8.28220E-06	1.02270E-04	9.82690E-05	4.27840E-06
0.2958	0.00	0.00	8.21250E-06	1.02270E-04	9.82730E-05	4.20960E-06
0.297486	0.00	0.00	8.14380E-06	1.02280E-04	9.82770E-05	4.14240E-06
0.299162	0.00	0.00	8.07620E-06	1.02280E-04	9.82810E-05	4.07680E-06
0.300828	0.00	0.00	8.00960E-06	1.02280E-04	9.82850E-05	4.01270E-06
0.302486	0.00	0.00	7.94400E-06	1.02280E-04	9.82890E-05	3.95010E-06
0.304134	0.00	0.00	7.87940E-06	1.02280E-04	9.82940E-05	3.88900E-06
0.305774	0.00	0.00	7.81570E-06	1.02280E-04	9.82980E-05	3.82930E-06
0.307405	0.00	0.00	7.75300E-06	1.02280E-04	9.83030E-05	3.77100E-06
0.309027	0.00	0.00	7.69110E-06	1.02280E-04	9.83080E-05	3.71400E-06
0.310641	0.00	0.00	7.63020E-06	1.02280E-04	9.83130E-05	3.65830E-06
0.312247	0.00	0.00	7.57010E-06	1.02280E-04	9.83180E-05	3.60390E-06
0.313844	0.00	0.00	7.51090E-06	1.02280E-04	9.83230E-05	3.55070E-06
0.315433	0.00	0.00	7.45250E-06	1.02280E-04	9.83290E-05	3.49880E-06
0.317014	0.00	0.00	7.39490E-06	1.02280E-04	9.83340E-05	3.44800E-06
0.318587	0.00	0.00	7.33820E-06	1.02280E-04	9.83400E-05	3.39840E-06
0.320152	0.00	0.00	7.28220E-06	1.02270E-04	9.83450E-05	3.34990E-06
0.32171	0.00	0.00	7.22700E-06	1.02270E-04	9.83510E-05	3.30240E-06
0.323261	0.00	0.00	7.17250E-06	1.02270E-04	9.83570E-05	3.25600E-06
0.324804	0.00	0.00	7.11870E-06	1.02270E-04	9.83630E-05	3.21070E-06
0.326339	0.00	0.00	7.06570E-06	1.02270E-04	9.83690E-05	3.16630E-06
0.327868	0.00	0.00	7.01330E-06	1.02260E-04	9.83750E-05	3.12300E-06
0.329389	0.00	0.00	6.96170E-06	1.02260E-04	9.83810E-05	3.08050E-06
0.330904	0.00	0.00	6.91070E-06	1.02260E-04	9.83870E-05	3.03910E-06
0.332411	0.00	0.00	6.86030E-06	1.02250E-04	9.83930E-05	2.99850E-06
0.333912	0.00	0.00	6.81070E-06	1.02250E-04	9.84000E-05	2.95880E-06
0.335406	0.00	0.00	6.76160E-06	1.02240E-04	9.84060E-05	2.92000E-06
0.336893	0.00	0.00	6.71320E-06	1.02240E-04	9.84130E-05	2.88200E-06
0.338374	0.00	0.00	6.66530E-06	1.02240E-04	9.84190E-05	2.84480E-06
0.339849	0.00	0.00	6.61810E-06	1.02230E-04	9.84260E-05	2.80840E-06
0.341317	0.00	0.00	6.57150E-06	1.02230E-04	9.84320E-05	2.77290E-06
0.342779	0.00	0.00	6.52540E-06	1.02220E-04	9.84390E-05	2.73800E-06
0.344234	0.00	0.00	6.47990E-06	1.02220E-04	9.84450E-05	2.70400E-06
0.345683	0.00	0.00	6.43500E-06	1.02210E-04	9.84520E-05	2.67060E-06
0.347126	0.00	0.00	6.39060E-06	1.02210E-04	9.84590E-05	2.63800E-06
0.348563	0.00	0.00	6.34670E-06	1.02200E-04	9.84650E-05	2.60610E-06
0.349995	0.00	0.00	6.30340E-06	1.02200E-04	9.84720E-05	2.57480E-06
0.351421	0.00	0.00	6.26050E-06	1.02190E-04	9.84790E-05	2.54420E-06
0.352841	0.00	0.00	6.21820E-06	1.02190E-04	9.84860E-05	2.51420E-06
0.354255	0.00	0.00	6.17630E-06	1.02180E-04	9.84930E-05	2.48490E-06
0.355663	0.00	0.00	6.13500E-06	1.02180E-04	9.84990E-05	2.45620E-06
0.357066	0.00	0.00	6.09410E-06	1.02170E-04	9.85060E-05	2.42810E-06
0.358464	0.00	0.00	6.05370E-06	1.02160E-04	9.85130E-05	2.40060E-06
0.359856	0.00	0.00	6.01380E-06	1.02160E-04	9.85200E-05	2.37360E-06
0.361242	0.00	0.00	5.97430E-06	1.02150E-04	9.85270E-05	2.34720E-06
0.362624	0.00	0.00	5.93520E-06	1.02140E-04	9.85340E-05	2.32140E-06
0.364	0.00	0.00	5.89660E-06	1.02140E-04	9.85410E-05	2.29610E-06
0.365371	0.00	0.00	5.85840E-06	1.02130E-04	9.85480E-05	2.27130E-06
0.366737	0.00	0.00	5.82070E-06	1.02130E-04	9.85550E-05	2.24700E-06
0.368097	0.00	0.00	5.78340E-06	1.02120E-04	9.85620E-05	2.22320E-06
0.369453	0.00	0.00	5.74650E-06	1.02110E-04	9.85690E-05	2.20000E-06
0.370803	0.00	0.00	5.71000E-06	1.02110E-04	9.85760E-05	2.17720E-06
0.372149	0.00	0.00	5.67380E-06	1.02100E-04	9.85820E-05	2.15480E-06
0.373491	0.00	0.00	5.63810E-06	1.02090E-04	9.85890E-05	2.13290E-06
0.374827	0.00	0.00	5.60270E-06	1.02080E-04	9.85960E-05	2.11140E-06
0.376159	0.00	0.00	5.56770E-06	1.02080E-04	9.86030E-05	2.09040E-06
0.377486	0.00	0.00	5.53310E-06	1.02070E-04	9.86100E-05	2.06980E-06
0.378808	0.00	0.00	5.49890E-06	1.02060E-04	9.86170E-05	2.04970E-06
0.380126	0.00	0.00	5.46500E-06	1.02060E-04	9.86240E-05	2.02990E-06
0.381439	0.00	0.00	5.43150E-06	1.02050E-04	9.86310E-05	2.01060E-06
0.382747	0.00	0.00	5.39830E-06	1.02040E-04	9.86380E-05	1.99160E-06
0.384051	0.00	0.00	5.36550E-06	1.02030E-04	9.86450E-05	1.97300E-06
0.385351	0.00	0.00	5.33290E-06	1.02030E-04	9.86520E-05	1.95480E-06
0.386647	0.00	0.00	5.30080E-06	1.02020E-04	9.86590E-05	1.93690E-06
0.387938	0.00	0.00	5.26890E-06	1.02010E-04	9.86650E-05	1.91940E-06
0.389225	0.00	0.00	5.23740E-06	1.02000E-04	9.86720E-05	1.90230E-06
0.390507	0.00	0.00	5.20620E-06	1.02000E-04	9.86790E-05	1.88540E-06
0.391785	0.00	0.00	5.17530E-06	1.01990E-04	9.86860E-05	1.86900E-06
0.393059	0.00	0.00	5.14480E-06	1.01980E-04	9.86930E-05	1.85280E-06
0.394329	0.00	0.00	5.11450E-06	1.01970E-04	9.87000E-05	1.83700E-06
0.395595	0.00	0.00	5.08450E-06	1.01970E-04	9.87060E-05	1.82150E-06
0.396857	0.00	0.00	5.05490E-06	1.01960E-04	9.87130E-05	1.80630E-06
0.398115	0.00	0.00	5.02550E-06	1.01950E-04	9.87200E-05	1.79140E-06
0.399369	0.00	0.00	4.99640E-06	1.01940E-04	9.87270E-05	1.77680E-06
0.400619	0.00	0.00	4.96760E-06	1.01940E-04	9.87330E-05	1.76240E-06
0.401865	0.00	0.00	4.93900E-06	1.01930E-04	9.87400E-05	1.74840E-06
0.403107	0.00	0.00	4.91080E-06	1.01920E-04	9.87470E-05	1.73460E-06
0.404346	0.00	0.00	4.88280E-06	1.01910E-04	9.87530E-05	1.72110E-06
0.405581	0.00	0.00	4.85510E-06	1.01900E-04	9.87600E-05	1.70790E-06
0.406812	0.00	0.00	4.82760E-06	1.01900E-04	9.87670E-05	1.69490E-06
0.408039	0.00	0.00	4.80040E-06	1.01890E-04	9.87730E-05	1.68220E-06
0.409262	0.00	0.00	4.77350E-06	1.01880E-04	9.87800E-05	1.66970E-06
0.410482	0.00	0.00	4.74680E-06	1.01870E-04	9.87860E-05	1.65750E-06
0.411698	0.00	0.00	4.72040E-06	1.01860E-04	9.87930E-05	1.64550E-06
0.412911	0.00	0.00	4.69420E-06	1.01860E-04	9.87990E-05	1.63370E-06
0.41412	0.00	0.00	4.66830E-06	1.01850E-04	9.88060E-05	1.62220E-06
0.415325	0.00	0.00	4.64260E-06	1.01840E-04	9.88120E-05	1.61090E-06
0.416527	0.00	0.00	4.61710E-06	1.01830E-04	9.88190E-05	1.59980E-06
0.417726	0.00	0.00	4.59190E-06	1.01820E-04	9.88250E-05	1.58890E-06
0.418921	0.00	0.00	4.56690E-06	1.01820E-04	9.88310E-05	1.57820E-06
0.420113	0.00	0.00	4.54210E-06	1.01810E-04	9.88380E-05	1.56780E-06
0.421302	0.00	0.00	4.51750E-06	1.01800E-04	9.88440E-05	1.55750E-06
0.422487	0.00	0.00	4.49320E-06	1.01790E-04	9.88500E-05	1.54740E-06
0.423668	0.00	0.00	4.46910E-06	1.01780E-04	9.88570E-05	1.53750E-06
0.424847	0.00	0.00	4.44520E-06	1.01780E-04	9.88630E-05	1.52790E-06
0.426022	0.00	0.00	4.42150E-06	1.01770E-04	9.88690E-05	1.51830E-06
0.427194	0.00	0.00	4.39800E-06	1.01760E-04	9.88750E-05	1.50900E-06
0.428363	0.00	0.00	4.37480E-06	1.01750E-04	9.88820E-05	1.49990E-06
0.429528	0.00	0.00	4.35170E-06	1.01740E-04	9.88880E-05	1.49090E-06
0.430691	0.00	0.00	4.32880E-06	1.01740E-04	9.88940E-05	1.48210E-06
0.43185	0.00	0.00	4.30620E-06	1.01730E-04	9.89000E-05	1.47350E-06
0.433007	0.00	0.00	4.28370E-06	1.01720E-04	9.89060E-05	1.46500E-06
0.43416	0.00	0.00	4.26140E-06	1.01710E-04	9.89120E-05	1.45670E-06
0.435311	0.00	0.00	4.23930E-06	1.01710E-04	9.89180E-05	1.44850E-06
0.436458	0.00	0.00	4.21740E-06	1.01700E-04	9.89240E-05	1.44050E-06
0.437603	0.00	0.00	4.19570E-06	1.01690E-04	9.89300E-05	1.43270E-06
0.438744	0.00	0.00	4.17420E-06	1.01680E-04	9.89360E-05	1.42490E-06
0.439883	0.00	0.00	4.15280E-06	1.01670E-04	9.89420E-05	1.41740E-06
0.441018	0.00	0.00	4.13170E-06	1.01670E-04	9.89480E-05	1.41000E-06
0.442151	0.00	0.00	4.11070E-06	1.01660E-04	9.89540E-05	1.40270E-06
0.44328	0.00	0.00	4.08990E-06	1.01650E-04	9.89590E-05	1.39550E-06
0.444407	0.00	0.00	4.06930E-06	1.01640E-04	9.89650E-05	1.38850E-06
0.44553	0.00	0.00	4.04880E-06	1.01630E-04	9.89710E-05	1.38170E-06
0.446651	0.00	0.00	4.02850E-06	1.01630E-04	9.89770E-05	1.37490E-06
0.447769	0.00	0.00	4.00840E-06	1.01620E-04	9.89820E-05	1.36830E-06
0.448884	0.00	0.00	3.98850E-06	1.01610E-04	9.89880E-05	1.36180E-06
0.449997	0.00	0.00	3.96870E-06	1.01600E-04	9.89940E-05	1.35540E-06
0.451106	0.00	0.00	3.94910E-06	1.01600E-04	9.89990E-05	1.34920E-06
0.452213	0.00	0.00	3.92960E-06	1.01590E-04	9.90050E-05	1.34300E-06
0.453318	0.00	0.00	3.91030E-06	1.01580E-04	9.90110E-05	1.33700E-06
0.454419	0.00	0.00	3.89120E-06	1.01570E-04	9.90160E-05	1.33110E-06
0.455518	0.00	0.00	3.87220E-06	1.01560E-04	9.90220E-05	1.32530E-06
0.456615	0.00	0.00	3.85340E-06	1.01560E-04	9.90270E-05	1.31960E-06
0.457708	0.00	0.00	3.83470E-06	1.01550E-04	9.90330E-05	1.31400E-06
0.458799	0.00	0.00	3.81620E-06	1.01540E-04	9.90380E-05	1.30850E-06
0.459888	0.00	0.00	3.79780E-06	1.01530E-04	9.90440E-05	1.30310E-06
0.460974	0.00	0.00	3.77960E-06	1.01530E-04	9.90490E-05	1.29780E-06
0.462057	0.00	0.00	3.76150E-06	1.01520E-04	9.90540E-05	1.29260E-06
0.463138	0.00	0.00	3.74350E-06	1.01510E-04	9.90600E-05	1.28750E-06
0.464217	0.00	0.00	3.72570E-06	1.01500E-04	9.90650E-05	1.28250E-06
0.465293	0.00	0.00	3.70810E-06	1.01500E-04	9.90700E-05	1.27760E-06
0.466366	0.00	0.00	3.69050E-06	1.01490E-04	9.90750E-05	1.27280E-06
0.467437	0.00	0.00	3.67320E-06	1.01480E-04	9.90810E-05	1.26810E-06
0.468506	0.00	0.00	3.65590E-06	1.01470E-04	9.90860E-05	1.26340E-06
0.469572	0.00	0.00	3.63880E-06	1.01470E-04	9.90910E-05	1.25880E-06
0.470635	0.00	0.00	3.62180E-06	1.01460E-04	9.90960E-05	1.25440E-06
0.471696	0.00	0.00	3.60500E-06	1.01450E-04	9.91010E-05	1.25000E-06
0.472755	0.00	0.00	3.58820E-06	1.01440E-04	9.91060E-05	1.24570E-06
0.473812	0.00	0.00	3.57160E-06	1.01440E-04	9.91110E-05	1.24140E-06
0.474866	0.00	0.00	3.55520E-06	1.01430E-04	9.91170E-05	1.23730E-06
0.475918	0.00	0.00	3.53880E-06	1.01420E-04	9.91220E-05	1.23320E-06
0.476967	0.00	0.00	3.52260E-06	1.01420E-04	9.91260E-05	1.22920E-06
0.478014	0.00	0.00	3.50650E-06	1.01410E-04	9.91310E-05	1.22520E-06
0.479059	0.00	0.00	3.49060E-06	1.01400E-04	9.91360E-05	1.22130E-06
0.480102	0.00	0.00	3.47470E-06	1.01390E-04	9.91410E-05	1.21760E-06
0.481142	0.00	0.00	3.45900E-06	1.01390E-04	9.91460E-05	1.21380E-06
0.48218	0.00	0.00	3.44340E-06	1.01380E-04	9.91510E-05	1.21020E-06
0.483216	0.00	0.00	3.42790E-06	1.01370E-04	9.91560E-05	1.20660E-06
0.48425	0.00	0.00	3.41250E-06	1.01370E-04	9.91610E-05	1.20300E-06
0.485281	0.00	0.00	3.39720E-06	1.01360E-04	9.91650E-05	1.19960E-06
0.48631	0.00	0.00	3.38210E-06	1.01350E-04	9.91700E-05	1.19620E-06
0.487337	0.00	0.00	3.36710E-06	1.01340E-04	9.91750E-05	1.19280E-06
0.488362	0.00	0.00	3.35210E-06	1.01340E-04	9.91800E-05	1.18950E-06
0.489385	0.00	0.00	3.33730E-06	1.01330E-04	9.91840E-05	1.18630E-06
0.490406	0.00	0.00	3.32260E-06	1.01320E-04	9.91890E-05	1.18310E-06
0.491425	0.00	0.00	3.30800E-06	1.01320E-04	9.91940E-05	1.18000E-06
0.492441	0.00	0.00	3.29350E-06	1.01310E-04	9.91980E-05	1.17700E-06
0.493455	0.00	0.00	3.27910E-06	1.01300E-04	9.92030E-05	1.17400E-06
0.494467	0.00	0.00	3.26490E-06	1.01300E-04	9.92070E-05	1.17100E-06
0.495477	0.00	0.00	3.25070E-06	1.01290E-04	9.92120E-05	1.16810E-06
0.496485	0.00	0.00	3.23660E-06	1.01280E-04	9.92160E-05	1.16530E-06
0.497491	0.00	0.00	3.22260E-06	1.01280E-04	9.92210E-05	1.16250E-06
0.498495	0.00	0.00	3.20880E-06	1.01270E-04	9.92250E-05	1.15980E-06
0.499497	0.00	0.00	3.19500E-06	1.01260E-04	9.92300E-05	1.15710E-06
0.500497	0.00	0.00	3.18130E-06	1.01260E-04	9.92340E-05	1.15440E-06
0.501495	0.00	0.00	3.16770E-06	1.01250E-04	9.92380E-05	1.15180E-06
0.502491	0.00	0.00	3.15430E-06	1.01240E-04	9.92430E-05	1.14930E-06
0.503485	0.00	0.00	3.14090E-06	1.01240E-04	9.92470E-05	1.14680E-06
0.504477	0.00	0.00	3.12760E-06	1.01230E-04	9.92510E-05	1.14430E-06
0.505467	0.00	0.00	3.11440E-06	1.01220E-04	9.92560E-05	1.14190E-06
0.506455	0.00	0.00	3.10130E-06	1.01220E-04	9.92600E-05	1.13950E-06
0.507441	0.00	0.00	3.08830E-06	1.01210E-04	9.92640E-05	1.13720E-06
0.508426	0.00	0.00	3.07540E-06	1.01200E-04	9.92680E-05	1.13490E-06
0.509408	0.00	0.00	3.06250E-06	1.01200E-04	9.92730E-05	1.13270E-06
0.510389	0.00	0.00	3.04980E-06	1.01190E-04	9.92770E-05	1.13040E-06
0.511367	0.00	0.00	3.03710E-06	1.01180E-04	9.92810E-05	1.12830E-06
0.512344	0.00	0.00	3.02460E-06	1.01180E-04	9.92850E-05	1.12610E-06
0.513319	0.00	0.00	3.01210E-06	1.01170E-04	9.92890E-05	1.12400E-06
0.514292	0.00	0.00	2.99970E-06	1.01170E-04	9.92930E-05	1.12200E-06
0.515264	0.00	0.00	2.98740E-06	1.01160E-04	9.92970E-05	1.12000E-06
0.516233	0.00	0.00	2.97520E-06	1.01150E-04	9.93010E-05	1.11800E-06
0.517201	0.00	0.00	2.96310E-06	1.01150E-04	9.93050E-05	1.11600E-06
0.518166	0.00	0.00	2.95100E-06	1.01140E-04	9.93090E-05	1.11410E-06
0.51913	0.00	0.00	2.93900E-06	1.01140E-04	9.93130E-05	1.11220E-06
0.520093	0.00	0.00	2.92710E-06	1.01130E-04	9.93170E-05	1.11040E-06
0.521053	0.00	0.00	2.91530E-06	1.01120E-04	9.93210E-05	1.10850E-06
0.522012	0.00	0.00	2.90360E-06	1.01120E-04	9.93250E-05	1.10670E-06
0.522969	0.00	0.00	2.89200E-06	1.01110E-04	9.93290E-05	1.10500E-06
0.523924	0.00	0.00	2.88040E-06	1.01100E-04	9.93330E-05	1.10330E-06
0.524877	0.00	0.00	2.86890E-06	1.01100E-04	9.93360E-05	1.10160E-06
0.525829	0.00	0.00	2.85750E-06	1.01090E-04	9.93400E-05	1.09990E-06
0.526779	0.00	0.00	2.84610E-06	1.01090E-04	9.93440E-05	1.09830E-06
0.527728	0.00	0.00	2.83490E-06	1.01080E-04	9.93480E-05	1.09660E-06
0.528674	0.00	0.00	2.82370E-06	1.01080E-04	9.93520E-05	1.09510E-06
0.529619	0.00	0.00	2.81260E-06	1.01070E-04	9.93550E-05	1.09350E-06
0.530562	0.00	0.00	2.80150E-06	1.01060E-04	9.93590E-05	1.09200E-06
0.531504	0.00	0.00	2.79060E-06	1.01060E-04	9.93630E-05	1.09050E-06
0.532444	0.00	0.00	2.77970E-06	1.01050E-04	9.93660E-05	1.08900E-06
0.533382	0.00	0.00	2.76890E-06	1.01050E-04	9.93700E-05	1.08760E-06
0.534319	0.00	0.00	2.75810E-06	1.01040E-04	9.93740E-05	1.08610E-06
0.535254	0.00	0.00	2.74740E-06	1.01030E-04	9.93770E-05	1.08470E-06
0.536187	0.00	0.00	2.73680E-06	1.01030E-04	9.93810E-05	1.08340E-06
0.537119	0.00	0.00	2.72630E-06	1.01020E-04	9.93840E-05	1.08200E-06
0.538049	0.00	0.00	2.71580E-06	1.01020E-04	9.93880E-05	1.08070E-06
0.538977	0.00	0.00	2.70540E-06	1.01010E-04	9.93910E-05	1.07940E-06
0.539904	0.00	0.00	2.69510E-06	1.01010E-04	9.93950E-05	1.07810E-06
0.540829	0.00	0.00	2.68480E-06	1.01000E-04	9.93980E-05	1.07680E-06
0.541753	0.00	0.00	2.67460E-06	1.01000E-04	9.94020E-05	1.07560E-06
0.542675	0.00	0.00	2.66450E-06	1.00990E-04	9.94050E-05	1.07440E-06
0.543596	0.00	0.00	2.65440E-06	1.00980E-04	9.94090E-05	1.07320E-06
0.544515	0.00	0.00	2.64440E-06	1.00980E-04	9.94120E-05	1.07200E-06
0.545432	0.00	0.00	2.63450E-06	1.00970E-04	9.94160E-05	1.07080E-06
0.546348	0.00	0.00	2.62460E-06	1.00970E-04	9.94190E-05	1.06970E-06
0.547263	0.00	0.00	2.61480E-06	1.00960E-04	9.94220E-05	1.06860E-06
0.548176	0.00	0.00	2.60500E-06	1.00960E-04	9.94260E-05	1.06750E-06
0.549087	0.00	0.00	2.59540E-06	1.00950E-04	9.94290E-05	1.06640E-06
0.549997	0.00	0.00	2.58570E-06	1.00950E-04	9.94320E-05	1.06530E-06
0.550905	0.00	0.00	2.57620E-06	1.00940E-04	9.94360E-05	1.06430E-06
0.551812	0.00	0.00	2.56670E-06	1.00940E-04	9.94390E-05	1.06330E-06
0.552717	0.00	0.00	2.55720E-06	1.00930E-04	9.94420E-05	1.06230E-06
0.553621	0.00	0.00	2.54780E-06	1.00930E-04	9.94450E-05	1.06130E-06
0.554524	0.00	0.00	2.53850E-06	1.00920E-04	9.94480E-05	1.06030E-06
0.555425	0.00	0.00	2.52920E-06	1.00920E-04	9.94520E-05	1.05930E-06
0.556324	0.00	0.00	2.52000E-06	1.00910E-04	9.94550E-05	1.05840E-06
0.557222	0.00	0.00	2.51090E-06	1.00910E-04	9.94580E-05	1.05750E-06
0.558119	0.00	0.00	2.50180E-06	1.00900E-04	9.94610E-05	1.05650E-06
0.559014	0.00	0.00	2.49270E-06	1.00900E-04	9.94640E-05	1.05570E-06
0.559908	0.00	0.00	2.48380E-06	1.00890E-04	9.94670E-05	1.05480E-06
0.5608	0.00	0.00	2.47480E-06	1.00890E-04	9.94700E-05	1.05390E-06
0.561691	0.00	0.00	2.46600E-06	1.00880E-04	9.94740E-05	1.05310E-06
0.56258	0.00	0.00	2.45710E-06	1.00880E-04	9.94770E-05	1.05220E-06
0.563468	0.00	0.00	2.44840E-06	1.00870E-04	9.94800E-05	1.05140E-06
0.564355	0.00	0.00	2.43970E-06	1.00870E-04	9.94830E-05	1.05060E-06
0.56524	0.00	0.00	2.43100E-06	1.00860E-04	9.94860E-05	1.04980E-06
0.566124	0.00	0.00	2.42240E-06	1.00860E-04	9.94890E-05	1.04900E-06
0.567007	0.00	0.00	2.41390E-06	1.00850E-04	9.94920E-05	1.04820E-06
0.567888	0.00	0.00	2.40540E-06	1.00850E-04	9.94950E-05	1.04750E-06
0.568768	0.00	0.00	2.39690E-06	1.00840E-04	9.94970E-05	1.04670E-06
0.569646	0.00	0.00	2.38850E-06	1.00840E-04	9.95000E-05	1.04600E-06
0.570523	0.00	0.00	2.38020E-06	1.00830E-04	9.95030E-05	1.04530E-06
0.571399	0.00	0.00	2.37190E-06	1.00830E-04	9.95060E-05	1.04460E-06
0.572273	0.00	0.00	2.36370E-06	1.00820E-04	9.95090E-05	1.04390E-06
0.573146	0.00	0.00	2.35550E-06	1.00820E-04	9.95120E-05	1.04320E-06
0.574018	0.00	0.00	2.34730E-06	1.00810E-04	9.95150E-05	1.04250E-06
0.574888	0.00	0.00	2.33930E-06	1.00810E-04	9.95180E-05	1.04190E-06
0.575757	0.00	0.00	2.33120E-06	1.00800E-04	9.95200E-05	1.04120E-06
0.576625	0.00	0.00	2.32320E-06	1.00800E-04	9.95230E-05	1.04060E-06
0.577492	0.00	0.00	2.31530E-06	1.00800E-04	9.95260E-05	1.04000E-06
0.578357	0.00	0.00	2.30740E-06	1.00790E-04	9.95290E-05	1.03930E-06
0.579221	0.00	0.00	2.29950E-06	1.00790E-04	9.95320E-05	1.03870E-06
0.580083	0.00	0.00	2.29170E-06	1.00780E-04	9.95340E-05	1.03810E-06
0.580944	0.00	0.00	2.28400E-06	1.00780E-04	9.95370E-05	1.03760E-06
0.581804	0.00	0.00	2.27620E-06	1.00770E-04	9.95400E-05	1.03700E-06
0.582663	0.00	0.00	2.26860E-06	1.00770E-04	9.95420E-05	1.03640E-06
0.583521	0.00	0.00	2.26100E-06	1.00760E-04	9.95450E-05	1.03590E-06
0.584377	0.00	0.00	2.25340E-06	1.00760E-04	9.95480E-05	1.03530E-06
0.585232	0.00	0.00	2.24580E-06	1.00760E-04	9.95500E-05	1.03480E-06
0.586086	0.00	0.00	2.23840E-06	1.00750E-04	9.95530E-05	1.03420E-06
0.586938	0.00	0.00	2.23090E-06	1.00750E-04	9.95560E-05	1.03370E-06
0.587789	0.00	0.00	2.22350E-06	1.00740E-04	9.95580E-05	1.03320E-06
0.588639	0.00	0.00	2.21620E-06	1.00740E-04	9.95610E-05	1.03270E-06
0.589488	0.00	0.00	2.20880E-06	1.00730E-04	9.95630E-05	1.03220E-06
0.590336	0.00	0.00	2.20160E-06	1.00730E-04	9.95660E-05	1.03170E-06
0.591182	0.00	0.00	2.19430E-06	1.00730E-04	9.95690E-05	1.03120E-06
0.592027	0.00	0.00	2.18720E-06	1.00720E-04	9.95710E-05	1.03070E-06
0.592871	0.00	0.00	2.18000E-06	1.00720E-04	9.95740E-05	1.03030E-06
0.593714	0.00	0.00	2.17290E-06	1.00710E-04	9.95760E-05	1.02980E-06
0.594556	0.00	0.00	2.16590E-06	1.00710E-04	9.95790E-05	1.02940E-06
0.595396	0.00	0.00	2.15880E-06	1.00700E-04	9.95810E-05	1.02890E-06
0.596235	0.00	0.00	2.15180E-06	1.00700E-04	9.95840E-05	1.02850E-06
0.597073	0.00	0.00	2.14490E-06	1.00700E-04	9.95860E-05	1.02810E-06
0.59791	0.00	0.00	2.13800E-06	1.00690E-04	9.95880E-05	1.02760E-06
0.598746	0.00	0.00	2.13110E-06	1.00690E-04	9.95910E-05	1.02720E-06
0.59958	0.00	0.00	2.12430E-06	1.00680E-04	9.95930E-05	1.02680E-06
0.600414	0.00	0.00	2.11750E-06	1.00680E-04	9.95960E-05	1.02640E-06
0.601246	0.00	0.00	2.11080E-06	1.00680E-04	9.95980E-05	1.02600E-06
0.602077	0.00	0.00	2.10410E-06	1.00670E-04	9.96010E-05	1.02560E-06
0.602907	0.00	0.00	2.09740E-06	1.00670E-04	9.96030E-05	1.02520E-06
0.603736	0.00	0.00	2.09080E-06	1.00660E-04	9.96050E-05	1.02490E-06
0.604563	0.00	0.00	2.08420E-06	1.00660E-04	9.96080E-05	1.02450E-06
0.60539	0.00	0.00	2.07770E-06	1.00660E-04	9.96100E-05	1.02410E-06
0.606215	0.00	0.00	2.07110E-06	1.00650E-04	9.96120E-05	1.02380E-06
0.607039	0.00	0.00	2.06470E-06	1.00650E-04	9.96150E-05	1.02340E-06
0.607862	0.00	0.00	2.05820E-06	1.00650E-04	9.96170E-05	1.02310E-06
0.608684	0.00	0.00	2.05180E-06	1.00640E-04	9.96190E-05	1.02270E-06
0.609505	0.00	0.00	2.04540E-06	1.00640E-04	9.96210E-05	1.02240E-06
0.610325	0.00	0.00	2.03910E-06	1.00630E-04	9.96240E-05	1.02200E-06
0.611144	0.00	0.00	2.03280E-06	1.00630E-04	9.96260E-05	1.02170E-06
0.611961	0.00	0.00	2.02650E-06	1.00630E-04	9.96280E-05	1.02140E-06
0.612778	0.00	0.00	2.02030E-06	1.00620E-04	9.96300E-05	1.02110E-06
0.613593	0.00	0.00	2.01410E-06	1.00620E-04	9.96330E-05	1.02080E-06
0.614407	0.00	0.00	2.00800E-06	1.00620E-04	9.96350E-05	1.02050E-06
0.615221	0.00	0.00	2.00180E-06	1.00610E-04	9.96370E-05	1.02020E-06
0.616033	0.00	0.00	1.99570E-06	1.00610E-04	9.96390E-05	1.01990E-06
0.616844	0.00	0.00	1.98970E-06	1.00600E-04	9.96410E-05	1.01960E-06
0.617654	0.00	0.00	1.98370E-06	1.00600E-04	9.96430E-05	1.01930E-06
0.618463	0.00	0.00	1.97770E-06	1.00600E-04	9.96460E-05	1.01900E-06
0.619271	0.00	0.00	1.97170E-06	1.00590E-04	9.96480E-05	1.01870E-06
0.620078	0.00	0.00	1.96580E-06	1.00590E-04	9.96500E-05	1.01850E-06
0.620884	0.00	0.00	1.95990E-06	1.00590E-04	9.96520E-05	1.01820E-06
0.621688	0.00	0.00	1.95400E-06	1.00580E-04	9.96540E-05	1.01790E-06
0.622492	0.00	0.00	1.94820E-06	1.00580E-04	9.96560E-05	1.01770E-06
0.623295	0.00	0.00	1.94240E-06	1.00580E-04	9.96580E-05	1.01740E-06
0.624097	0.00	0.00	1.93660E-06	1.00570E-04	9.96600E-05	1.01710E-06
0.624897	0.00	0.00	1.93090E-06	1.00570E-04	9.96620E-05	1.01690E-06
0.625697	0.00	0.00	1.92520E-06	1.00570E-04	9.96640E-05	1.01670E-06
0.626495	0.00	0.00	1.91950E-06	1.00560E-04	9.96660E-05	1.01640E-06
0.627293	0.00	0.00	1.91390E-06	1.00560E-04	9.96680E-05	1.01620E-06
0.62809	0.00	0.00	1.90830E-06	1.00560E-04	9.96710E-05	1.01590E-06
0.628885	0.00	0.00	1.90270E-06	1.00550E-04	9.96730E-05	1.01570E-06
0.62968	0.00	0.00	1.89720E-06	1.00550E-04	9.96750E-05	1.01550E-06
0.630473	0.00	0.00	1.89170E-06	1.00550E-04	9.96760E-05	1.01530E-06
0.631266	0.00	0.00	1.88620E-06	1.00540E-04	9.96780E-05	1.01500E-06
0.632058	0.00	0.00	1.88070E-06	1.00540E-04	9.96800E-05	1.01480E-06
0.632848	0.00	0.00	1.87530E-06	1.00540E-04	9.96820E-05	1.01460E-06
0.633638	0.00	0.00	1.86990E-06	1.00530E-04	9.96840E-05	1.01440E-06
0.634426	0.00	0.00	1.86450E-06	1.00530E-04	9.96860E-05	1.01420E-06
0.635214	0.00	0.00	1.85920E-06	1.00530E-04	9.96880E-05	1.01400E-06
0.636001	0.00	0.00	1.85380E-06	1.00520E-04	9.96900E-05	1.01380E-06
0.636786	0.00	0.00	1.84860E-06	1.00520E-04	9.96920E-05	1.01360E-06
0.637571	0.00	0.00	1.84330E-06	1.00520E-04	9.96940E-05	1.01340E-06
0.638355	0.00	0.00	1.83810E-06	1.00510E-04	9.96960E-05	1.01320E-06
0.639138	0.00	0.00	1.83290E-06	1.00510E-04	9.96980E-05	1.01300E-06
0.639919	0.00	0.00	1.82770E-06	1.00510E-04	9.97000E-05	1.01280E-06
0.6407	0.00	0.00	1.82260E-06	1.00500E-04	9.97010E-05	1.01260E-06
0.64148	0.00	0.00	1.81740E-06	1.00500E-04	9.97030E-05	1.01250E-06
0.642259	0.00	0.00	1.81230E-06	1.00500E-04	9.97050E-05	1.01230E-06
0.643037	0.00	0.00	1.80730E-06	1.00500E-04	9.97070E-05	1.01210E-06
0.643814	0.00	0.00	1.80220E-06	1.00490E-04	9.97090E-05	1.01190E-06
0.64459	0.00	0.00	1.79720E-06	1.00490E-04	9.97110E-05	1.01180E-06
0.645366	0.00	0.00	1.79220E-06	1.00490E-04	9.97120E-05	1.01160E-06
0.64614	0.00	0.00	1.78730E-06	1.00480E-04	9.97140E-05	1.01140E-06
0.646913	0.00	0.00	1.78240E-06	1.00480E-04	9.97160E-05	1.01130E-06
0.647686	0.00	0.00	1.77750E-06	1.00480E-04	9.97180E-05	1.01110E-06
0.648457	0.00	0.00	1.77260E-06	1.00470E-04	9.97190E-05	1.01100E-06
0.649228	0.00	0.00	1.76770E-06	1.00470E-04	9.97210E-05	1.01080E-06
0.649997	0.00	0.00	1.76290E-06	1.00470E-04	9.97230E-05	1.01070E-06
0.650766	0.00	0.00	1.75810E-06	1.00470E-04	9.97250E-05	1.01050E-06
0.651534	0.00	0.00	1.75330E-06	1.00460E-04	9.97260E-05	1.01040E-06
0.652301	0.00	0.00	1.74850E-06	1.00460E-04	9.97280E-05	1.01020E-06
0.653067	0.00	0.00	1.74380E-06	1.00460E-04	9.97300E-05	1.01010E-06
0.653832	0.00	0.00	1.73910E-06	1.00450E-04	9.97320E-05	1.00990E-06
0.654596	0.00	0.00	1.73440E-06	1.00450E-04	9.97330E-05	1.00980E-06
0.65536	0.00	0.00	1.72980E-06	1.00450E-04	9.97350E-05	1.00960E-06
0.656122	0.00	0.00	1.72510E-06	1.00440E-04	9.97370E-05	1.00950E-06
0.656884	0.00	0.00	1.72050E-06	1.00440E-04	9.97380E-05	1.00940E-06
0.657645	0.00	0.00	1.71590E-06	1.00440E-04	9.97400E-05	1.00920E-06
0.658405	0.00	0.00	1.71140E-06	1.00440E-04	9.97420E-05	1.00910E-06
0.659164	0.00	0.00	1.70680E-06	1.00430E-04	9.97430E-05	1.00900E-06
0.659922	0.00	0.00	1.70230E-06	1.00430E-04	9.97450E-05	1.00890E-06
0.660679	0.00	0.00	1.69780E-06	1.00430E-04	9.97470E-05	1.00870E-06
0.661435	0.00	0.00	1.69340E-06	1.00430E-04	9.97480E-05	1.00860E-06
0.662191	0.00	0.00	1.68890E-06	1.00420E-04	9.97500E-05	1.00850E-06
0.662945	0.00	0.00	1.68450E-06	1.00420E-04	9.97510E-05	1.00840E-06
0.663699	0.00	0.00	1.68010E-06	1.00420E-04	9.97530E-05	1.00830E-06
0.664452	0.00	0.00	1.67570E-06	1.00410E-04	9.97550E-05	1.00810E-06
0.665204	0.00	0.00	1.67140E-06	1.00410E-04	9.97560E-05	1.00800E-06
0.665955	0.00	0.00	1.66700E-06	1.00410E-04	9.97580E-05	1.00790E-06
0.666706	0.00	0.00	1.66270E-06	1.00410E-04	9.97590E-05	1.00780E-06
0.667455	0.00	0.00	1.65840E-06	1.00400E-04	9.97610E-05	1.00770E-06
0.668204	0.00	0.00	1.65420E-06	1.00400E-04	9.97620E-05	1.00760E-06
0.668952	0.00	0.00	1.64990E-06	1.00400E-04	9.97640E-05	1.00750E-06
0.669699	0.00	0.00	1.64570E-06	1.00400E-04	9.97660E-05	1.00740E-06
0.670445	0.00	0.00	1.64150E-06	1.00390E-04	9.97670E-05	1.00730E-06
0.67119	0.00	0.00	1.63730E-06	1.00390E-04	9.97690E-05	1.00720E-06
0.671935	0.00	0.00	1.63310E-06	1.00390E-04	9.97700E-05	1.00710E-06
0.672679	0.00	0.00	1.62900E-06	1.00390E-04	9.97720E-05	1.00700E-06
0.673422	0.00	0.00	1.62490E-06	1.00380E-04	9.97730E-05	1.00690E-06
0.674164	0.00	0.00	1.62080E-06	1.00380E-04	9.97750E-05	1.00680E-06
0.674905	0.00	0.00	1.61670E-06	1.00380E-04	9.97760E-05	1.00670E-06
0.675645	0.00	0.00	1.61260E-06	1.00380E-04	9.97780E-05	1.00660E-06
0.676385	0.00	0.00	1.60860E-06	1.00370E-04	9.97790E-05	1.00650E-06
0.677124	0.00	0.00	1.60460E-06	1.00370E-04	9.97810E-05	1.00640E-06
0.677862	0.00	0.00	1.60060E-06	1.00370E-04	9.97820E-05	1.00630E-06
0.678599	0.00	0.00	1.59660E-06	1.00370E-04	9.97830E-05	1.00620E-06
0.679335	0.00	0.00	1.59270E-06	1.00360E-04	9.97850E-05	1.00620E-06
0.680071	0.00	0.00	1.58870E-06	1.00360E-04	9.97860E-05	1.00610E-06
0.680806	0.00	0.00	1.58480E-06	1.00360E-04	9.97880E-05	1.00600E-06
0.68154	0.00	0.00	1.58090E-06	1.00360E-04	9.97890E-05	1.00590E-06
0.682273	0.00	0.00	1.57700E-06	1.00350E-04	9.97910E-05	1.00580E-06
0.683005	0.00	0.00	1.57320E-06	1.00350E-04	9.97920E-05	1.00570E-06
0.683737	0.00	0.00	1.56930E-06	1.00350E-04	9.97930E-05	1.00570E-06
0.684468	0.00	0.00	1.56550E-06	1.00350E-04	9.97950E-05	1.00560E-06
0.685198	0.00	0.00	1.56170E-06	1.00340E-04	9.97960E-05	1.00550E-06
0.685927	0.00	0.00	1.55790E-06	1.00340E-04	9.97980E-05	1.00540E-06
0.686656	0.00	0.00	1.55410E-06	1.00340E-04	9.97990E-05	1.00530E-06
0.687384	0.00	0.00	1.55040E-06	1.00340E-04	9.98000E-05	1.00530E-06
0.688111	0.00	0.00	1.54660E-06	1.00340E-04	9.98020E-05	1.00520E-06
0.688837	0.00	0.00	1.54290E-06	1.00330E-04	9.98030E-05	1.00510E-06
0.689562	0.00	0.00	1.53920E-06	1.00330E-04	9.98040E-05	1.00500E-06
0.690287	0.00	0.00	1.53560E-06	1.00330E-04	9.98060E-05	1.00500E-06
0.691011	0.00	0.00	1.53190E-06	1.00330E-04	9.98070E-05	1.00490E-06
0.691734	0.00	0.00	1.52830E-06	1.00320E-04	9.98080E-05	1.00480E-06
0.692457	0.00	0.00	1.52460E-06	1.00320E-04	9.98100E-05	1.00480E-06
0.693178	0.00	0.00	1.52100E-06	1.00320E-04	9.98110E-05	1.00470E-06
0.693899	0.00	0.00	1.51750E-06	1.00320E-04	9.98120E-05	1.00460E-06
0.69462	0.00	0.00	1.51390E-06	1.00310E-04	9.98140E-05	1.00460E-06
0.695339	0.00	0.00	1.51030E-06	1.00310E-04	9.98150E-05	1.00450E-06
0.696058	0.00	0.00	1.50680E-06	1.00310E-04	9.98160E-05	1.00440E-06
0.696776	0.00	0.00	1.50330E-06	1.00310E-04	9.98180E-05	1.00440E-06
0.697493	0.00	0.00	1.49980E-06	1.00310E-04	9.98190E-05	1.00430E-06
0.698209	0.00	0.00	1.49630E-06	1.00300E-04	9.98200E-05	1.00430E-06
0.698925	0.00	0.00	1.49280E-06	1.00300E-04	9.98210E-05	1.00420E-06
0.69964	0.00	0.00	1.48940E-06	1.00300E-04	9.98230E-05	1.00410E-06
0.700355	0.00	0.00	1.48590E-06	1.00300E-04	9.98240E-05	1.00410E-06
0.701068	0.00	0.00	1.48250E-06	1.00300E-04	9.98250E-05	1.00400E-06
0.701781	0.00	0.00	1.47910E-06	1.00290E-04	9.98260E-05	1.00400E-06
0.702493	0.00	0.00	1.47570E-06	1.00290E-04	9.98280E-05	1.00390E-06
0.703204	0.00	0.00	1.47240E-06	1.00290E-04	9.98290E-05	1.00380E-06
0.703915	0.00	0.00	1.46900E-06	1.00290E-04	9.98300E-05	1.00380E-06
0.704625	0.00	0.00	1.46570E-06	1.00280E-04	9.98310E-05	1.00370E-06
0.705334	0.00	0.00	1.46230E-06	1.00280E-04	9.98330E-05	1.00370E-06
0.706043	0.00	0.00	1.45900E-06	1.00280E-04	9.98340E-05	1.00360E-06
0.706751	0.00	0.00	1.45570E-06	1.00280E-04	9.98350E-05	1.00360E-06
0.707458	0.00	0.00	1.45250E-06	1.00280E-04	9.98360E-05	1.00350E-06
0.708164	0.00	0.00	1.44920E-06	1.00270E-04	9.98370E-05	1.00350E-06
0.70887	0.00	0.00	1.44600E-06	1.00270E-04	9.98390E-05	1.00340E-06
0.709575	0.00	0.00	1.44270E-06	1.00270E-04	9.98400E-05	1.00340E-06
0.710279	0.00	0.00	1.43950E-06	1.00270E-04	9.98410E-05	1.00330E-06
0.710983	0.00	0.00	1.43630E-06	1.00270E-04	9.98420E-05	1.00330E-06
0.711685	0.00	0.00	1.43310E-06	1.00260E-04	9.98430E-05	1.00320E-06
0.712388	0.00	0.00	1.43000E-06	1.00260E-04	9.98440E-05	1.00320E-06
0.713089	0.00	0.00	1.42680E-06	1.00260E-04	9.98460E-05	1.00310E-06
0.71379	0.00	0.00	1.42370E-06	1.00260E-04	9.98470E-05	1.00310E-06
0.71449	0.00	0.00	1.42060E-06	1.00260E-04	9.98480E-05	1.00300E-06
0.71519	0.00	0.00	1.41740E-06	1.00250E-04	9.98490E-05	1.00300E-06
0.715889	0.00	0.00	1.41440E-06	1.00250E-04	9.98500E-05	1.00290E-06
0.716587	0.00	0.00	1.41130E-06	1.00250E-04	9.98510E-05	1.00290E-06
0.717284	0.00	0.00	1.40820E-06	1.00250E-04	9.98520E-05	1.00290E-06
0.717981	0.00	0.00	1.40520E-06	1.00250E-04	9.98540E-05	1.00280E-06
0.718677	0.00	0.00	1.40210E-06	1.00250E-04	9.98550E-05	1.00280E-06
0.719372	0.00	0.00	1.39910E-06	1.00240E-04	9.98560E-05	1.00270E-06
0.720067	0.00	0.00	1.39610E-06	1.00240E-04	9.98570E-05	1.00270E-06
0.720761	0.00	0.00	1.39310E-06	1.00240E-04	9.98580E-05	1.00260E-06
0.721454	0.00	0.00	1.39010E-06	1.00240E-04	9.98590E-05	1.00260E-06
0.722147	0.00	0.00	1.38710E-06	1.00240E-04	9.98600E-05	1.00260E-06
0.722839	0.00	0.00	1.38420E-06	1.00230E-04	9.98610E-05	1.00250E-06
0.72353	0.00	0.00	1.38120E-06	1.00230E-04	9.98620E-05	1.00250E-06
0.724221	0.00	0.00	1.37830E-06	1.00230E-04	9.98630E-05	1.00240E-06
0.724911	0.00	0.00	1.37540E-06	1.00230E-04	9.98650E-05	1.00240E-06
0.725601	0.00	0.00	1.37250E-06	1.00230E-04	9.98660E-05	1.00240E-06
0.726289	0.00	0.00	1.36960E-06	1.00230E-04	9.98670E-05	1.00230E-06
0.726977	0.00	0.00	1.36670E-06	1.00220E-04	9.98680E-05	1.00230E-06
0.727665	0.00	0.00	1.36390E-06	1.00220E-04	9.98690E-05	1.00230E-06
0.728352	0.00	0.00	1.36100E-06	1.00220E-04	9.98700E-05	1.00220E-06
0.729038	0.00	0.00	1.35820E-06	1.00220E-04	9.98710E-05	1.00220E-06
0.729723	0.00	0.00	1.35540E-06	1.00220E-04	9.98720E-05	1.00220E-06
0.730408	0.00	0.00	1.35260E-06	1.00210E-04	9.98730E-05	1.00210E-06
0.731092	0.00	0.00	1.34980E-06	1.00210E-04	9.98740E-05	1.00210E-06
0.731776	0.00	0.00	1.34700E-06	1.00210E-04	9.98750E-05	1.00200E-06
0.732459	0.00	0.00	1.34420E-06	1.00210E-04	9.98760E-05	1.00200E-06
0.733141	0.00	0.00	1.34150E-06	1.00210E-04	9.98770E-05	1.00200E-06
0.733823	0.00	0.00	1.33870E-06	1.00210E-04	9.98780E-05	1.00190E-06
0.734504	0.00	0.00	1.33600E-06	1.00200E-04	9.98790E-05	1.00190E-06
0.735184	0.00	0.00	1.33330E-06	1.00200E-04	9.98800E-05	1.00190E-06
0.735864	0.00	0.00	1.33060E-06	1.00200E-04	9.98810E-05	1.00180E-06
0.736543	0.00	0.00	1.32790E-06	1.00200E-04	9.98820E-05	1.00180E-06
0.737222	0.00	0.00	1.32520E-06	1.00200E-04	9.98830E-05	1.00180E-06
0.7379	0.00	0.00	1.32250E-06	1.00200E-04	9.98840E-05	1.00180E-06
0.738577	0.00	0.00	1.31990E-06	1.00190E-04	9.98850E-05	1.00170E-06
0.739254	0.00	0.00	1.31720E-06	1.00190E-04	9.98860E-05	1.00170E-06
0.73993	0.00	0.00	1.31460E-06	1.00190E-04	9.98870E-05	1.00170E-06
0.740605	0.00	0.00	1.31200E-06	1.00190E-04	9.98880E-05	1.00160E-06
0.74128	0.00	0.00	1.30930E-06	1.00190E-04	9.98890E-05	1.00160E-06
0.741954	0.00	0.00	1.30670E-06	1.00190E-04	9.98900E-05	1.00160E-06
0.742628	0.00	0.00	1.30420E-06	1.00180E-04	9.98910E-05	1.00150E-06
0.743301	0.00	0.00	1.30160E-06	1.00180E-04	9.98920E-05	1.00150E-06
0.743973	0.00	0.00	1.29900E-06	1.00180E-04	9.98930E-05	1.00150E-06
0.744645	0.00	0.00	1.29650E-06	1.00180E-04	9.98940E-05	1.00150E-06
0.745316	0.00	0.00	1.29390E-06	1.00180E-04	9.98950E-05	1.00140E-06
0.745987	0.00	0.00	1.29140E-06	1.00180E-04	9.98950E-05	1.00140E-06
0.746657	0.00	0.00	1.28890E-06	1.00170E-04	9.98960E-05	1.00140E-06
0.747326	0.00	0.00	1.28640E-06	1.00170E-04	9.98970E-05	1.00140E-06
0.747995	0.00	0.00	1.28390E-06	1.00170E-04	9.98980E-05	1.00130E-06
0.748663	0.00	0.00	1.28140E-06	1.00170E-04	9.98990E-05	1.00130E-06
0.749331	0.00	0.00	1.27890E-06	1.00170E-04	9.99000E-05	1.00130E-06
0.749998	0.00	0.00	1.27650E-06	1.00170E-04	9.99010E-05	1.00120E-06
0.750664	0.00	0.00	1.27400E-06	1.00170E-04	9.99020E-05	1.00120E-06
0.75133	0.00	0.00	1.27160E-06	1.00160E-04	9.99030E-05	1.00120E-06
0.751995	0.00	0.00	1.26920E-06	1.00160E-04	9.99040E-05	1.00120E-06
0.75266	0.00	0.00	1.26680E-06	1.00160E-04	9.99050E-05	1.00110E-06
0.753324	0.00	0.00	1.26440E-06	1.00160E-04	9.99050E-05	1.00110E-06
0.753987	0.00	0.00	1.26200E-06	1.00160E-04	9.99060E-05	1.00110E-06
0.75465	0.00	0.00	1.25960E-06	1.00160E-04	9.99070E-05	1.00110E-06
0.755312	0.00	0.00	1.25730E-06	1.00150E-04	9.99080E-05	1.00110E-06
0.755974	0.00	0.00	1.25490E-06	1.00150E-04	9.99090E-05	1.00100E-06
0.756635	0.00	0.00	1.25260E-06	1.00150E-04	9.99100E-05	1.00100E-06
0.757295	0.00	0.00	1.25030E-06	1.00150E-04	9.99110E-05	1.00100E-06
0.757955	0.00	0.00	1.24800E-06	1.00150E-04	9.99120E-05	1.00100E-06
0.758615	0.00	0.00	1.24570E-06	1.00150E-04	9.99120E-05	1.00090E-06
0.759274	0.00	0.00	1.24340E-06	1.00150E-04	9.99130E-05	1.00090E-06
0.759932	0.00	0.00	1.24110E-06	1.00140E-04	9.99140E-05	1.00090E-06
0.760589	0.00	0.00	1.23880E-06	1.00140E-04	9.99150E-05	1.00090E-06
0.761247	0.00	0.00	1.23660E-06	1.00140E-04	9.99160E-05	1.00090E-06
0.761903	0.00	0.00	1.23430E-06	1.00140E-04	9.99170E-05	1.00080E-06
0.762559	0.00	0.00	1.23210E-06	1.00140E-04	9.99170E-05	1.00080E-06
0.763214	0.00	0.00	1.22990E-06	1.00140E-04	9.99180E-05	1.00080E-06
0.763869	0.00	0.00	1.22770E-06	1.00140E-04	9.99190E-05	1.00080E-06
0.764524	0.00	0.00	1.22550E-06	1.00130E-04	9.99200E-05	1.00070E-06
0.765177	0.00	0.00	1.22330E-06	1.00130E-04	9.99210E-05	1.00070E-06
0.76583	0.00	0.00	1.22110E-06	1.00130E-04	9.99210E-05	1.00070E-06
0.766483	0.00	0.00	1.21900E-06	1.00130E-04	9.99220E-05	1.00070E-06
0.767135	0.00	0.00	1.21680E-06	1.00130E-04	9.99230E-05	1.00070E-06
0.767787	0.00	0.00	1.21470E-06	1.00130E-04	9.99240E-05	1.00070E-06
0.768438	0.00	0.00	1.21260E-06	1.00130E-04	9.99250E-05	1.00060E-06
0.769088	0.00	0.00	1.21050E-06	1.00130E-04	9.99250E-05	1.00060E-06
0.769738	0.00	0.00	1.20840E-06	1.00120E-04	9.99260E-05	1.00060E-06
0.770387	0.00	0.00	1.20630E-06	1.00120E-04	9.99270E-05	1.00060E-06
0.771036	0.00	0.00	1.20420E-06	1.00120E-04	9.99280E-05	1.00060E-06
0.771684	0.00	0.00	1.20210E-06	1.00120E-04	9.99290E-05	1.00050E-06
0.772332	0.00	0.00	1.20010E-06	1.00120E-04	9.99290E-05	1.00050E-06
0.772979	0.00	0.00	1.19810E-06	1.00120E-04	9.99300E-05	1.00050E-06
0.773625	0.00	0.00	1.19600E-06	1.00120E-04	9.99310E-05	1.00050E-06
0.774271	0.00	0.00	1.19400E-06	1.00120E-04	9.99320E-05	1.00050E-06
0.774917	0.00	0.00	1.19200E-06	1.00110E-04	9.99320E-05	1.00050E-06
0.775562	0.00	0.00	1.19000E-06	1.00110E-04	9.99330E-05	1.00040E-06
0.776206	0.00	0.00	1.18810E-06	1.00110E-04	9.99340E-05	1.00040E-06
0.77685	0.00	0.00	1.18610E-06	1.00110E-04	9.99340E-05	1.00040E-06
0.777494	0.00	0.00	1.18410E-06	1.00110E-04	9.99350E-05	1.00040E-06
0.778136	0.00	0.00	1.18220E-06	1.00110E-04	9.99360E-05	1.00040E-06
0.778779	0.00	0.00	1.18030E-06	1.00110E-04	9.99370E-05	1.00040E-06
0.77942	0.00	0.00	1.17830E-06	1.00110E-04	9.99370E-05	1.00040E-06
0.780062	0.00	0.00	1.17640E-06	1.00100E-04	9.99380E-05	1.00030E-06
0.780702	0.00	0.00	1.17450E-06	1.00100E-04	9.99390E-05	1.00030E-06
0.781343	0.00	0.00	1.17270E-06	1.00100E-04	9.99390E-05	1.00030E-06
0.781982	0.00	0.00	1.17080E-06	1.00100E-04	9.99400E-05	1.00030E-06
0.782621	0.00	0.00	1.16890E-06	1.00100E-04	9.99410E-05	1.00030E-06
0.78326	0.00	0.00	1.16710E-06	1.00100E-04	9.99420E-05	1.00030E-06
0.783898	0.00	0.00	1.16530E-06	1.00100E-04	9.99420E-05	1.00030E-06
0.784536	0.00	0.00	1.16340E-06	1.00100E-04	9.99430E-05	1.00020E-06
0.785173	0.00	0.00	1.16160E-06	1.00090E-04	9.99440E-05	1.00020E-06
0.785809	0.00	0.00	1.15980E-06	1.00090E-04	9.99440E-05	1.00020E-06
0.786445	0.00	0.00	1.15800E-06	1.00090E-04	9.99450E-05	1.00020E-06
0.787081	0.00	0.00	1.15630E-06	1.00090E-04	9.99460E-05	1.00020E-06
0.787716	0.00	0.00	1.15450E-06	1.00090E-04	9.99460E-05	1.00020E-06
0.78835	0.00	0.00	1.15280E-06	1.00090E-04	9.99470E-05	1.00020E-06
0.788984	0.00	0.00	1.15100E-06	1.00090E-04	9.99480E-05	1.00010E-06
0.789618	0.00	0.00	1.14930E-06	1.00090E-04	9.99480E-05	1.00010E-06
0.790251	0.00	0.00	1.14760E-06	1.00090E-04	9.99490E-05	1.00010E-06
0.790883	0.00	0.00	1.14590E-06	1.00080E-04	9.99490E-05	1.00010E-06
0.791515	0.00	0.00	1.14420E-06	1.00080E-04	9.99500E-05	1.00010E-06
0.792146	0.00	0.00	1.14250E-06	1.00080E-04	9.99510E-05	1.00010E-06
0.792777	0.00	0.00	1.14080E-06	1.00080E-04	9.99510E-05	1.00010E-06
0.793408	0.00	0.00	1.13920E-06	1.00080E-04	9.99520E-05	1.00010E-06
0.794038	0.00	0.00	1.13750E-06	1.00080E-04	9.99530E-05	1.00010E-06
0.794667	0.00	0.00	1.13590E-06	1.00080E-04	9.99530E-05	1.00000E-06
0.795296	0.00	0.00	1.13430E-06	1.00080E-04	9.99540E-05	1.00000E-06
0.795925	0.00	0.00	1.13270E-06	1.00080E-04	9.99540E-05	1.00000E-06
0.796553	0.00	0.00	1.13110E-06	1.00080E-04	9.99550E-05	1.00000E-06
0.79718	0.00	0.00	1.12950E-06	1.00070E-04	9.99560E-05	1.00000E-06
0.797807	0.00	0.00	1.12790E-06	1.00070E-04	9.99560E-05	9.99990E-07
0.798433	0.00	0.00	1.12630E-06	1.00070E-04	9.99570E-05	9.99980E-07
0.799059	0.00	0.00	1.12480E-06	1.00070E-04	9.99570E-05	9.99970E-07
0.799685	0.00	0.00	1.12320E-06	1.00070E-04	9.99580E-05	9.99960E-07
0.80031	0.00	0.00	1.12170E-06	1.00070E-04	9.99580E-05	9.99950E-07
0.800934	0.00	0.00	1.12020E-06	1.00070E-04	9.99590E-05	9.99940E-07
0.801558	0.00	0.00	1.11870E-06	1.00070E-04	9.99600E-05	9.99930E-07
0.802182	0.00	0.00	1.11720E-06	1.00070E-04	9.99600E-05	9.99920E-07
0.802805	0.00	0.00	1.11570E-06	1.00070E-04	9.99610E-05	9.99910E-07
0.803428	0.00	0.00	1.11420E-06	1.00060E-04	9.99610E-05	9.99900E-07
0.80405	0.00	0.00	1.11280E-06	1.00060E-04	9.99620E-05	9.99890E-07
0.804671	0.00	0.00	1.11130E-06	1.00060E-04	9.99620E-05	9.99880E-07
0.805293	0.00	0.00	1.10990E-06	1.00060E-04	9.99630E-05	9.99870E-07
0.805913	0.00	0.00	1.10850E-06	1.00060E-04	9.99630E-05	9.99870E-07
0.806533	0.00	0.00	1.10700E-06	1.00060E-04	9.99640E-05	9.99860E-07
0.807153	0.00	0.00	1.10560E-06	1.00060E-04	9.99640E-05	9.99850E-07
0.807772	0.00	0.00	1.10420E-06	1.00060E-04	9.99650E-05	9.99840E-07
0.808391	0.00	0.00	1.10290E-06	1.00060E-04	9.99650E-05	9.99830E-07
0.809009	0.00	0.00	1.10150E-06	1.00060E-04	9.99660E-05	9.99820E-07
0.809627	0.00	0.00	1.10010E-06	1.00060E-04	9.99670E-05	9.99810E-07
0.810244	0.00	0.00	1.09880E-06	1.00060E-04	9.99670E-05	9.99810E-07
0.810861	0.00	0.00	1.09750E-06	1.00050E-04	9.99680E-05	9.99800E-07
0.811478	0.00	0.00	1.09610E-06	1.00050E-04	9.99680E-05	9.99790E-07
0.812094	0.00	0.00	1.09480E-06	1.00050E-04	9.99690E-05	9.99780E-07
0.812709	0.00	0.00	1.09350E-06	1.00050E-04	9.99690E-05	9.99770E-07
0.813324	0.00	0.00	1.09220E-06	1.00050E-04	9.99690E-05	9.99770E-07
0.813939	0.00	0.00	1.09100E-06	1.00050E-04	9.99700E-05	9.99760E-07
0.814553	0.00	0.00	1.08970E-06	1.00050E-04	9.99700E-05	9.99750E-07
0.815166	0.00	0.00	1.08840E-06	1.00050E-04	9.99710E-05	9.99740E-07
0.815779	0.00	0.00	1.08720E-06	1.00050E-04	9.99710E-05	9.99740E-07
0.816392	0.00	0.00	1.08600E-06	1.00050E-04	9.99720E-05	9.99730E-07
0.817004	0.00	0.00	1.08470E-06	1.00050E-04	9.99720E-05	9.99720E-07
0.817616	0.00	0.00	1.08350E-06	1.00050E-04	9.99730E-05	9.99710E-07
0.818227	0.00	0.00	1.08230E-06	1.00040E-04	9.99730E-05	9.99710E-07
0.818838	0.00	0.00	1.08110E-06	1.00040E-04	9.99740E-05	9.99700E-07
0.819449	0.00	0.00	1.08000E-06	1.00040E-04	9.99740E-05	9.99690E-07
0.820059	0.00	0.00	1.07880E-06	1.00040E-04	9.99740E-05	9.99690E-07
0.820668	0.00	0.00	1.07770E-06	1.00040E-04	9.99750E-05	9.99680E-07
0.821277	0.00	0.00	1.07650E-06	1.00040E-04	9.99750E-05	9.99670E-07
0.821886	0.00	0.00	1.07540E-06	1.00040E-04	9.99760E-05	9.99670E-07
0.822494	0.00	0.00	1.07430E-06	1.00040E-04	9.99760E-05	9.99660E-07
0.823102	0.00	0.00	1.07320E-06	1.00040E-04	9.99770E-05	9.99650E-07
0.823709	0.00	0.00	1.07210E-06	1.00040E-04	9.99770E-05	9.99650E-07
0.824316	0.00	0.00	1.07100E-06	1.00040E-04	9.99770E-05	9.99640E-07
0.824922	0.00	0.00	1.06990E-06	1.00040E-04	9.99780E-05	9.99640E-07
0.825528	0.00	0.00	1.06880E-06	1.00040E-04	9.99780E-05	9.99630E-07
0.826133	0.00	0.00	1.06780E-06	1.00040E-04	9.99790E-05	9.99620E-07
0.826738	0.00	0.00	1.06670E-06	1.00040E-04	9.99790E-05	9.99620E-07
0.827343	0.00	0.00	1.06570E-06	1.00030E-04	9.99790E-05	9.99610E-07
0.827947	0.00	0.00	1.06470E-06	1.00030E-04	9.99800E-05	9.99610E-07
0.828551	0.00	0.00	1.06370E-06	1.00030E-04	9.99800E-05	9.99600E-07
0.829154	0.00	0.00	1.06270E-06	1.00030E-04	9.99810E-05	9.99590E-07
0.829757	0.00	0.00	1.06170E-06	1.00030E-04	9.99810E-05	9.99590E-07
0.830359	0.00	0.00	1.06070E-06	1.00030E-04	9.99810E-05	9.99580E-07
0.830961	0.00	0.00	1.05970E-06	1.00030E-04	9.99820E-05	9.99580E-07
0.831562	0.00	0.00	1.05880E-06	1.00030E-04	9.99820E-05	9.99570E-07
0.832163	0.00	0.00	1.05780E-06	1.00030E-04	9.99820E-05	9.99570E-07
0.832764	0.00	0.00	1.05690E-06	1.00030E-04	9.99830E-05	9.99560E-07
0.833364	0.00	0.00	1.05600E-06	1.00030E-04	9.99830E-05	9.99560E-07
0.833964	0.00	0.00	1.05510E-06	1.00030E-04	9.99830E-05	9.99550E-07
0.834563	0.00	0.00	1.05420E-06	1.00030E-04	9.99840E-05	9.99550E-07
0.835162	0.00	0.00	1.05330E-06	1.00030E-04	9.99840E-05	9.99540E-07
0.835761	0.00	0.00	1.05240E-06	1.00030E-04	9.99840E-05	9.99540E-07
0.836359	0.00	0.00	1.05150E-06	1.00030E-04	9.99850E-05	9.99530E-07
0.836956	0.00	0.00	1.05060E-06	1.00030E-04	9.99850E-05	9.99530E-07
0.837554	0.00	0.00	1.04980E-06	1.00020E-04	9.99850E-05	9.99520E-07
0.83815	0.00	0.00	1.04890E-06	1.00020E-04	9.99860E-05	9.99520E-07
0.838747	0.00	0.00	1.04810E-06	1.00020E-04	9.99860E-05	9.99510E-07
0.839343	0.00	0.00	1.04730E-06	1.00020E-04	9.99860E-05	9.99510E-07
0.839938	0.00	0.00	1.04650E-06	1.00020E-04	9.99870E-05	9.99510E-07
0.840533	0.00	0.00	1.04570E-06	1.00020E-04	9.99870E-05	9.99500E-07
0.841128	0.00	0.00	1.04490E-06	1.00020E-04	9.99870E-05	9.99500E-07
0.841722	0.00	0.00	1.04410E-06	1.00020E-04	9.99880E-05	9.99490E-07
0.842316	0.00	0.00	1.04330E-06	1.00020E-04	9.99880E-05	9.99490E-07
0.842909	0.00	0.00	1.04250E-06	1.00020E-04	9.99880E-05	9.99480E-07
0.843502	0.00	0.00	1.04180E-06	1.00020E-04	9.99880E-05	9.99480E-07
0.844095	0.00	0.00	1.04100E-06	1.00020E-04	9.99890E-05	9.99480E-07
0.844687	0.00	0.00	1.04030E-06	1.00020E-04	9.99890E-05	9.99470E-07
0.845279	0.00	0.00	1.03960E-06	1.00020E-04	9.99890E-05	9.99470E-07
0.84587	0.00	0.00	1.03890E-06	1.00020E-04	9.99890E-05	9.99460E-07
0.846461	0.00	0.00	1.03820E-06	1.00020E-04	9.99900E-05	9.99460E-07
0.847051	0.00	0.00	1.03750E-06	1.00020E-04	9.99900E-05	9.99460E-07
0.847641	0.00	0.00	1.03680E-06	1.00020E-04	9.99900E-05	9.99450E-07
0.848231	0.00	0.00	1.03610E-06	1.00020E-04	9.99910E-05	9.99450E-07
0.84882	0.00	0.00	1.03540E-06	1.00020E-04	9.99910E-05	9.99450E-07
0.849409	0.00	0.00	1.03480E-06	1.00020E-04	9.99910E-05	9.99440E-07
0.849998	0.00	0.00	1.03410E-06	1.00010E-04	9.99910E-05	9.99440E-07
0.850586	0.00	0.00	1.03350E-06	1.00010E-04	9.99910E-05	9.99430E-07
0.851173	0.00	0.00	1.03290E-06	1.00010E-04	9.99920E-05	9.99430E-07
0.85176	0.00	0.00	1.03220E-06	1.00010E-04	9.99920E-05	9.99430E-07
0.852347	0.00	0.00	1.03160E-06	1.00010E-04	9.99920E-05	9.99420E-07
0.852934	0.00	0.00	1.03100E-06	1.00010E-04	9.99920E-05	9.99420E-07
0.85352	0.00	0.00	1.03040E-06	1.00010E-04	9.99930E-05	9.99420E-07
0.854105	0.00	0.00	1.02990E-06	1.00010E-04	9.99930E-05	9.99420E-07
0.85469	0.00	0.00	1.02930E-06	1.00010E-04	9.99930E-05	9.99410E-07
0.855275	0.00	0.00	1.02870E-06	1.00010E-04	9.99930E-05	9.99410E-07
0.85586	0.00	0.00	1.02820E-06	1.00010E-04	9.99930E-05	9.99410E-07
0.856444	0.00	0.00	1.02760E-06	1.00010E-04	9.99940E-05	9.99400E-07
0.857027	0.00	0.00	1.02710E-06	1.00010E-04	9.99940E-05	9.99400E-07
0.85761	0.00	0.00	1.02660E-06	1.00010E-04	9.99940E-05	9.99400E-07
0.858193	0.00	0.00	1.02600E-06	1.00010E-04	9.99940E-05	9.99400E-07
0.858776	0.00	0.00	1.02550E-06	1.00010E-04	9.99940E-05	9.99390E-07
0.859358	0.00	0.00	1.02500E-06	1.00010E-04	9.99950E-05	9.99390E-07
0.859939	0.00	0.00	1.02460E-06	1.00010E-04	9.99950E-05	9.99390E-07
0.86052	0.00	0.00	1.02410E-06	1.00010E-04	9.99950E-05	9.99380E-07
0.861101	0.00	0.00	1.02360E-06	1.00010E-04	9.99950E-05	9.99380E-07
0.861682	0.00	0.00	1.02310E-06	1.00010E-04	9.99950E-05	9.99380E-07
0.862262	0.00	0.00	1.02270E-06	1.00010E-04	9.99960E-05	9.99380E-07
0.862842	0.00	0.00	1.02220E-06	1.00010E-04	9.99960E-05	9.99370E-07
0.863421	0.00	0.00	1.02180E-06	1.00010E-04	9.99960E-05	9.99370E-07
0.864	0.00	0.00	1.02140E-06	1.00010E-04	9.99960E-05	9.99370E-07
0.864578	0.00	0.00	1.02100E-06	1.00010E-04	9.99960E-05	9.99370E-07
0.865156	0.00	0.00	1.02050E-06	1.00010E-04	9.99960E-05	9.99360E-07
0.865734	0.00	0.00	1.02010E-06	1.00010E-04	9.99960E-05	9.99360E-07
0.866311	0.00	0.00	1.01980E-06	1.00010E-04	9.99970E-05	9.99360E-07
0.866888	0.00	0.00	1.01940E-06	1.00010E-04	9.99970E-05	9.99360E-07
0.867465	0.00	0.00	1.01900E-06	1.00010E-04	9.99970E-05	9.99360E-07
0.868041	0.00	0.00	1.01860E-06	1.00000E-04	9.99970E-05	9.99350E-07
0.868617	0.00	0.00	1.01830E-06	1.00000E-04	9.99970E-05	9.99350E-07
0.869192	0.00	0.00	1.01790E-06	1.00000E-04	9.99970E-05	9.99350E-07
0.869768	0.00	0.00	1.01760E-06	1.00000E-04	9.99970E-05	9.99350E-07
0.870342	0.00	0.00	1.01730E-06	1.00000E-04	9.99980E-05	9.99350E-07
0.870917	0.00	0.00	1.01690E-06	1.00000E-04	9.99980E-05	9.99350E-07
0.87149	0.00	0.00	1.01660E-06	1.00000E-04	9.99980E-05	9.99340E-07
0.872064	0.00	0.00	1.01630E-06	1.00000E-04	9.99980E-05	9.99340E-07
0.872637	0.00	0.00	1.01600E-06	1.00000E-04	9.99980E-05	9.99340E-07
0.87321	0.00	0.00	1.01570E-06	1.00000E-04	9.99980E-05	9.99340E-07
0.873782	0.00	0.00	1.01550E-06	1.00000E-04	9.99980E-05	9.99340E-07
0.874354	0.00	0.00	1.01520E-06	1.00000E-04	9.99980E-05	9.99340E-07
0.874926	0.00	0.00	1.01490E-06	1.00000E-04	9.99980E-05	9.99340E-07
0.875497	0.00	0.00	1.01470E-06	1.00000E-04	9.99990E-05	9.99330E-07
0.876068	0.00	0.00	1.01440E-06	1.00000E-04	9.99990E-05	9.99330E-07
0.876639	0.00	0.00	1.01420E-06	1.00000E-04	9.99990E-05	9.99330E-07
0.877209	0.00	0.00	1.01400E-06	1.00000E-04	9.99990E-05	9.99330E-07
0.877779	0.00	0.00	1.01370E-06	1.00000E-04	9.99990E-05	9.99330E-07
0.878348	0.00	0.00	1.01350E-06	1.00000E-04	9.99990E-05	9.99330E-07
0.878917	0.00	0.00	1.01330E-06	1.00000E-04	9.99990E-05	9.99330E-07
0.879486	0.00	0.00	1.01310E-06	1.00000E-04	9.99990E-05	9.99330E-07
0.880054	0.00	0.00	1.01290E-06	1.00000E-04	9.99990E-05	9.99330E-07
0.880622	0.00	0.00	1.01280E-06	1.00000E-04	9.99990E-05	9.99320E-07
0.88119	0.00	0.00	1.01260E-06	1.00000E-04	9.99990E-05	9.99320E-07
0.881757	0.00	0.00	1.01240E-06	1.00000E-04	9.99990E-05	9.99320E-07
0.882324	0.00	0.00	1.01230E-06	1.00000E-04	9.99990E-05	9.99320E-07
0.88289	0.00	0.00	1.01210E-06	1.00000E-04	1.00000E-04	9.99320E-07
0.883456	0.00	0.00	1.01200E-06	1.00000E-04	1.00000E-04	9.99320E-07
0.884022	0.00	0.00	1.01180E-06	1.00000E-04	1.00000E-04	9.99320E-07
0.884588	0.00	0.00	1.01170E-06	1.00000E-04	1.00000E-04	9.99320E-07
0.885153	0.00	0.00	1.01160E-06	1.00000E-04	1.00000E-04	9.99320E-07
0.885717	0.00	0.00	1.01150E-06	1.00000E-04	1.00000E-04	9.99320E-07
0.886282	0.00	0.00	1.01140E-06	1.00000E-04	1.00000E-04	9.99320E-07
0.886846	0.00	0.00	1.01130E-06	1.00000E-04	1.00000E-04	9.99320E-07
0.887409	0.00	0.00	1.01120E-06	1.00000E-04	1.00000E-04	9.99320E-07
0.887973	0.00	0.00	1.01120E-06	1.00000E-04	1.00000E-04	9.99320E-07
0.888536	0.00	0.00	1.01110E-06	1.00000E-04	1.00000E-04	9.99320E-07
0.889098	0.00	0.00	1.01100E-06	1.00000E-04	1.00000E-04	9.99310E-07
0.88966	0.00	0.00	1.01100E-06	1.00000E-04	1.00000E-04	9.99310E-07
0.890222	0.00	0.00	1.01090E-06	1.00000E-04	1.00000E-04	9.99310E-07
0.890784	0.00	0.00	1.01090E-06	1.00000E-04	1.00000E-04	9.99310E-07
0.891345	0.00	0.00	1.01090E-06	1.00000E-04	1.00000E-04	9.99310E-07
0.891905	0.00	0.00	1.01080E-06	1.00000E-04	1.00000E-04	9.99310E-07
0.892466	0.00	0.00	1.01080E-06	1.00000E-04	1.00000E-04	9.99310E-07
0.893026	0.00	0.00	1.01080E-06	1.00000E-04	1.00000E-04	9.99310E-07
0.893586	0.00	0.00	1.01080E-06	1.00000E-04	1.00000E-04	9.99310E-07
0.894145	0.00	0.00	1.01080E-06	1.00000E-04	1.00000E-04	9.99310E-07
0.894704	0.00	0.00	1.01080E-06	1.00000E-04	1.00000E-04	9.99310E-07
0.895263	0.00	0.00	1.01080E-06	1.00000E-04	1.00000E-04	9.99310E-07
0.895821	0.00	0.00	1.01080E-06	1.00000E-04	1.00000E-04	9.99310E-07
0.896379	0.00	0.00	1.01080E-06	1.00000E-04	1.00000E-04	9.99310E-07
0.896937	0.00	0.00	1.01080E-06	1.00000E-04	1.00000E-04	9.99310E-07
0.897494	0.00	0.00	1.01080E-06	1.00000E-04	1.00000E-04	9.99310E-07
0.898051	0.00	0.00	1.01080E-06	1.00000E-04	1.00000E-04	9.99310E-07
0.898607	0.00	0.00	1.01080E-06	1.00000E-04	1.00000E-04	9.99310E-07
0.899164	0.00	0.00	1.01080E-06	1.00000E-04	1.00000E-04	9.99310E-07
0.89972	0.00	0.00	1.01080E-06	1.00000E-04	1.00000E-04	9.99310E-07
0.900275	0.00	0.00	1.01080E-06	1.00000E-04	1.00000E-04	9.99310E-07
0.90083	0.00	0.00	1.01080E-06	1.00000E-04	1.00000E-04	9.99310E-07
0.901385	0.00	0.00	1.01080E-06	1.00000E-04	1.00000E-04	9.99310E-07
0.90194	0.00	0.00	1.01080E-06	1.00000E-04	1.00000E-04	9.99310E-07
0.902494	0.00	0.00	1.01080E-06	1.00000E-04	1.00000E-04	9.99310E-07
0.903048	0.00	0.00	1.01080E-06	1.00000E-04	1.00000E-04	9.99310E-07
0.903601	0.00	0.00	1.01080E-06	1.00000E-04	1.00000E-04	9.99310E-07
0.904154	0.00	0.00	1.01080E-06	1.00000E-04	1.00000E-04	9.99310E-07
0.904707	0.00	0.00	1.01080E-06	1.00000E-04	1.00000E-04	9.99310E-07
0.90526	0.00	0.00	1.01080E-06	1.00000E-04	1.00000E-04	9.99310E-07
0.905812	0.00	0.00	1.01080E-06	1.00000E-04	1.00000E-04	9.99310E-07
0.906364	0.00	0.00	1.01080E-06	1.00000E-04	1.00000E-04	9.99310E-07
0.906915	0.00	0.00	1.01080E-06	1.00000E-04	1.00000E-04	9.99310E-07
0.907466	0.00	0.00	1.01080E-06	1.00000E-04	1.00000E-04	9.99310E-07
0.908017	0.00	0.00	1.01080E-06	1.00000E-04	1.00000E-04	9.99310E-07
0.908568	0.00	0.00	1.01080E-06	1.00000E-04	1.00000E-04	9.99310E-07
0.909118	0.00	0.00	1.01080E-06	1.00000E-04	1.00000E-04	9.99310E-07
0.909668	0.00	0.00	1.01080E-06	1.00000E-04	1.00000E-04	9.99310E-07
0.910217	0.00	0.00	1.01080E-06	1.00000E-04	1.00000E-04	9.99310E-07
0.910766	0.00	0.00	1.01080E-06	1.00000E-04	1.00000E-04	9.99310E-07
0.911315	0.00	0.00	1.01080E-06	1.00000E-04	1.00000E-04	9.99310E-07
0.911864	0.00	0.00	1.01080E-06	1.00000E-04	1.00000E-04	9.99310E-07
0.912412	0.00	0.00	1.01080E-06	1.00000E-04	1.00000E-04	9.99310E-07
0.91296	0.00	0.00	1.01080E-06	1.00000E-04	1.00000E-04	9.99310E-07
0.913507	0.00	0.00	1.01080E-06	1.00000E-04	1.00000E-04	9.99310E-07
0.914054	0.00	0.00	1.01080E-06	1.00000E-04	1.00000E-04	9.99310E-07
0.914601	0.00	0.00	1.01080E-06	1.00000E-04	1.00000E-04	9.99310E-07
0.915148	0.00	0.00	1.01080E-06	1.00000E-04	1.00000E-04	9.99310E-07
0.915694	0.00	0.00	1.01080E-06	1.00000E-04	1.00000E-04	9.99310E-07
0.91624	0.00	0.00	1.01080E-06	1.00000E-04	1.00000E-04	9.99310E-07
0.916785	0.00	0.00	1.01080E-06	1.00000E-04	1.00000E-04	9.99310E-07
0.91733	0.00	0.00	1.01080E-06	1.00000E-04	1.00000E-04	9.99310E-07
0.917875	0.00	0.00	1.01080E-06	1.00000E-04	1.00000E-04	9.99310E-07
0.91842	0.00	0.00	1.01080E-06	1.00000E-04	1.00000E-04	9.99310E-07
0.918964	0.00	0.00	1.01080E-06	1.00000E-04	1.00000E-04	9.99310E-07
0.919508	0.00	0.00	1.01080E-06	1.00000E-04	1.00000E-04	9.99310E-07
0.920052	0.00	0.00	1.01080E-06	1.00000E-04	1.00000E-04	9.99310E-07
0.920595	0.00	0.00	1.01080E-06	1.00000E-04	1.00000E-04	9.99310E-07
0.921138	0.00	0.00	1.01080E-06	1.00000E-04	1.00000E-04	9.99310E-07
0.921681	0.00	0.00	1.01080E-06	1.00000E-04	1.00000E-04	9.99310E-07
0.922223	0.00	0.00	1.01080E-06	1.00000E-04	1.00000E-04	9.99310E-07
0.922765	0.00	0.00	1.01080E-06	1.00000E-04	1.00000E-04	9.99310E-07
0.923307	0.00	0.00	1.01080E-06	1.00000E-04	1.00000E-04	9.99310E-07
0.923848	0.00	0.00	1.01080E-06	1.00000E-04	1.00000E-04	9.99310E-07
0.924389	0.00	0.00	1.01080E-06	1.00000E-04	1.00000E-04	9.99310E-07
0.92493	0.00	0.00	1.01080E-06	1.00000E-04	1.00000E-04	9.99310E-07
0.92547	0.00	0.00	1.01080E-06	1.00000E-04	1.00000E-04	9.99310E-07
0.92601	0.00	0.00	1.01080E-06	1.00000E-04	1.00000E-04	9.99310E-07
0.92655	0.00	0.00	1.01080E-06	1.00000E-04	1.00000E-04	9.99310E-07
0.927089	0.00	0.00	1.01080E-06	1.00000E-04	1.00000E-04	9.99310E-07
0.927629	0.00	0.00	1.01080E-06	1.00000E-04	1.00000E-04	9.99310E-07
0.928167	0.00	0.00	1.01080E-06	1.00000E-04	1.00000E-04	9.99310E-07
0.928706	0.00	0.00	1.01080E-06	1.00000E-04	1.00000E-04	9.99310E-07
0.929244	0.00	0.00	1.01080E-06	1.00000E-04	1.00000E-04	9.99310E-07
0.929782	0.00	0.00	1.01080E-06	1.00000E-04	1.00000E-04	9.99310E-07
0.93032	0.00	0.00	1.01080E-06	1.00000E-04	1.00000E-04	9.99310E-07
0.930857	0.00	0.00	1.01080E-06	1.00000E-04	1.00000E-04	9.99310E-07
0.931394	0.00	0.00	1.01080E-06	1.00000E-04	1.00000E-04	9.99310E-07
0.931931	0.00	0.00	1.01080E-06	1.00000E-04	1.00000E-04	9.99310E-07
0.932467	0.00	0.00	1.01080E-06	1.00000E-04	1.00000E-04	9.99310E-07
0.933003	0.00	0.00	1.01080E-06	1.00000E-04	1.00000E-04	9.99310E-07
0.933539	0.00	0.00	1.01080E-06	1.00000E-04	1.00000E-04	9.99310E-07
0.934074	0.00	0.00	1.01080E-06	1.00000E-04	1.00000E-04	9.99310E-07
0.934609	0.00	0.00	1.01080E-06	1.00000E-04	1.00000E-04	9.99310E-07
0.935144	0.00	0.00	1.01080E-06	1.00000E-04	1.00000E-04	9.99310E-07
0.935679	0.00	0.00	1.01080E-06	1.00000E-04	1.00000E-04	9.99310E-07
0.936213	0.00	0.00	1.01080E-06	1.00000E-04	1.00000E-04	9.99310E-07
0.936747	0.00	0.00	1.01080E-06	1.00000E-04	1.00000E-04	9.99310E-07
0.937281	0.00	0.00	1.01080E-06	1.00000E-04	1.00000E-04	9.99310E-07
0.937814	0.00	0.00	1.01080E-06	1.00000E-04	1.00000E-04	9.99310E-07
0.938347	0.00	0.00	1.01080E-06	1.00000E-04	1.00000E-04	9.99310E-07
0.93888	0.00	0.00	1.01080E-06	1.00000E-04	1.00000E-04	9.99310E-07
0.939412	0.00	0.00	1.01080E-06	1.00000E-04	1.00000E-04	9.99310E-07
0.939944	0.00	0.00	1.01080E-06	1.00000E-04	1.00000E-04	9.99310E-07
0.940476	0.00	0.00	1.01080E-06	1.00000E-04	1.00000E-04	9.99310E-07
0.941007	0.00	0.00	1.01080E-06	1.00000E-04	1.00000E-04	9.99310E-07
0.941538	0.00	0.00	1.01080E-06	1.00000E-04	1.00000E-04	9.99310E-07
0.942069	0.00	0.00	1.01080E-06	1.00000E-04	1.00000E-04	9.99310E-07
0.9426	0.00	0.00	1.01080E-06	1.00000E-04	1.00000E-04	9.99310E-07
0.94313	0.00	0.00	1.01080E-06	1.00000E-04	1.00000E-04	9.99310E-07
0.94366	0.00	0.00	1.01080E-06	1.00000E-04	1.00000E-04	9.99310E-07
0.94419	0.00	0.00	1.01080E-06	1.00000E-04	1.00000E-04	9.99310E-07
0.944719	0.00	0.00	1.01080E-06	1.00000E-04	1.00000E-04	9.99310E-07
0.945248	0.00	0.00	1.01080E-06	1.00000E-04	1.00000E-04	9.99310E-07
0.945777	0.00	0.00	1.01080E-06	1.00000E-04	1.00000E-04	9.99310E-07
0.946306	0.00	0.00	1.01080E-06	1.00000E-04	1.00000E-04	9.99310E-07
0.946834	0.00	0.00	1.01080E-06	1.00000E-04	1.00000E-04	9.99310E-07
0.947362	0.00	0.00	1.01080E-06	1.00000E-04	1.00000E-04	9.99310E-07
0.94789	0.00	0.00	1.01080E-06	1.00000E-04	1.00000E-04	9.99310E-07
0.948417	0.00	0.00	1.01080E-06	1.00000E-04	1.00000E-04	9.99310E-07
0.948944	0.00	0.00	1.01080E-06	1.00000E-04	1.00000E-04	9.99310E-07
0.949471	0.00	0.00	1.01080E-06	1.00000E-04	1.00000E-04	9.99310E-07
0.949997	0.00	0.00	1.01080E-06	1.00000E-04	1.00000E-04	9.99310E-07
0.950523	0.00	0.00	1.01080E-06	1.00000E-04	1.00000E-04	9.99310E-07
0.951049	0.00	0.00	1.01080E-06	1.00000E-04	1.00000E-04	9.99310E-07
0.951575	0.00	0.00	1.01080E-06	1.00000E-04	1.00000E-04	9.99310E-07
0.9521	0.00	0.00	1.01080E-06	1.00000E-04	1.00000E-04	9.99310E-07
0.952625	0.00	0.00	1.01080E-06	1.00000E-04	1.00000E-04	9.99310E-07
0.95315	0.00	0.00	1.01080E-06	1.00000E-04	1.00000E-04	9.99310E-07
0.953674	0.00	0.00	1.01080E-06	1.00000E-04	1.00000E-04	9.99310E-07
0.954199	0.00	0.00	1.01080E-06	1.00000E-04	1.00000E-04	9.99310E-07
0.954722	0.00	0.00	1.01080E-06	1.00000E-04	1.00000E-04	9.99310E-07
0.955246	0.00	0.00	1.01080E-06	1.00000E-04	1.00000E-04	9.99310E-07
0.955769	0.00	0.00	1.01080E-06	1.00000E-04	1.00000E-04	9.99310E-07
0.956292	0.00	0.00	1.01080E-06	1.00000E-04	1.00000E-04	9.99310E-07
0.956815	0.00	0.00	1.01080E-06	1.00000E-04	1.00000E-04	9.99310E-07
0.957337	0.00	0.00	1.01080E-06	1.00000E-04	1.00000E-04	9.99310E-07
0.95786	0.00	0.00	1.01080E-06	1.00000E-04	1.00000E-04	9.99310E-07
0.958381	0.00	0.00	1.01080E-06	1.00000E-04	1.00000E-04	9.99310E-07
0.958903	0.00	0.00	1.01080E-06	1.00000E-04	1.00000E-04	9.99310E-07
0.959424	0.00	0.00	1.01080E-06	1.00000E-04	1.00000E-04	9.99310E-07
0.959945	0.00	0.00	1.01080E-06	1.00000E-04	1.00000E-04	9.99310E-07
0.960466	0.00	0.00	1.01080E-06	1.00000E-04	1.00000E-04	9.99310E-07
0.960986	0.00	0.00	1.01080E-06	1.00000E-04	1.00000E-04	9.99310E-07
0.961507	0.00	0.00	1.01080E-06	1.00000E-04	1.00000E-04	9.99310E-07
0.962026	0.00	0.00	1.01080E-06	1.00000E-04	1.00000E-04	9.99310E-07
0.962546	0.00	0.00	1.01080E-06	1.00000E-04	1.00000E-04	9.99310E-07
0.963065	0.00	0.00	1.01080E-06	1.00000E-04	1.00000E-04	9.99310E-07
0.963584	0.00	0.00	1.01080E-06	1.00000E-04	1.00000E-04	9.99310E-07
0.964103	0.00	0.00	1.01080E-06	1.00000E-04	1.00000E-04	9.99310E-07
0.964622	0.00	0.00	1.01080E-06	1.00000E-04	1.00000E-04	9.99310E-07
0.96514	0.00	0.00	1.01080E-06	1.00000E-04	1.00000E-04	9.99310E-07
0.965658	0.00	0.00	1.01080E-06	1.00000E-04	1.00000E-04	9.99310E-07
0.966175	0.00	0.00	1.01080E-06	1.00000E-04	1.00000E-04	9.99310E-07
0.966693	0.00	0.00	1.01080E-06	1.00000E-04	1.00000E-04	9.99310E-07
0.96721		0.00	0.00	1.01080E-06	1.00000E-04	1.00000E-04	9.99310E-07
0.967727	0.00	0.00	1.01080E-06	1.00000E-04	1.00000E-04	9.99310E-07
0.968243	0.00	0.00	1.01080E-06	1.00000E-04	1.00000E-04	9.99310E-07
0.968759	0.00	0.00	1.01080E-06	1.00000E-04	1.00000E-04	9.99310E-07
0.969275	0.00	0.00	1.01080E-06	1.00000E-04	1.00000E-04	9.99310E-07
0.969791	0.00	0.00	1.01080E-06	1.00000E-04	1.00000E-04	9.99310E-07
0.970307	0.00	0.00	1.01080E-06	1.00000E-04	1.00000E-04	9.99310E-07
0.970822	0.00	0.00	1.01080E-06	1.00000E-04	1.00000E-04	9.99310E-07
0.971337	0.00	0.00	1.01080E-06	1.00000E-04	1.00000E-04	9.99310E-07
0.971851	0.00	0.00	1.01080E-06	1.00000E-04	1.00000E-04	9.99310E-07
0.972366	0.00	0.00	1.01080E-06	1.00000E-04	1.00000E-04	9.99310E-07
0.97288		0.00	0.00	1.01080E-06	1.00000E-04	1.00000E-04	9.99310E-07
0.973393	0.00	0.00	1.01080E-06	1.00000E-04	1.00000E-04	9.99310E-07
0.973907	0.00	0.00	1.01080E-06	1.00000E-04	1.00000E-04	9.99310E-07
0.97442		0.00	0.00	1.01080E-06	1.00000E-04	1.00000E-04	9.99310E-07
0.974933	0.00	0.00	1.01080E-06	1.00000E-04	1.00000E-04	9.99310E-07
0.975446	0.00	0.00	1.01080E-06	1.00000E-04	1.00000E-04	9.99310E-07
0.975958	0.00	0.00	1.01080E-06	1.00000E-04	1.00000E-04	9.99310E-07
0.976471	0.00	0.00	1.01080E-06	1.00000E-04	1.00000E-04	9.99310E-07
0.976982	0.00	0.00	1.01080E-06	1.00000E-04	1.00000E-04	9.99310E-07
0.977494	0.00	0.00	1.01080E-06	1.00000E-04	1.00000E-04	9.99310E-07
0.978005	0.00	0.00	1.01080E-06	1.00000E-04	1.00000E-04	9.99310E-07
0.978517	0.00	0.00	1.01080E-06	1.00000E-04	1.00000E-04	9.99310E-07
0.979027	0.00	0.00	1.01080E-06	1.00000E-04	1.00000E-04	9.99310E-07
0.979538	0.00	0.00	1.01080E-06	1.00000E-04	1.00000E-04	9.99310E-07
0.980048	0.00	0.00	1.01080E-06	1.00000E-04	1.00000E-04	9.99310E-07
0.980558	0.00	0.00	1.01080E-06	1.00000E-04	1.00000E-04	9.99310E-07
0.981068	0.00	0.00	1.01080E-06	1.00000E-04	1.00000E-04	9.99310E-07
0.981578	0.00	0.00	1.01080E-06	1.00000E-04	1.00000E-04	9.99310E-07
0.982087	0.00	0.00	1.01080E-06	1.00000E-04	1.00000E-04	9.99310E-07
0.982596	0.00	0.00	1.01080E-06	1.00000E-04	1.00000E-04	9.99310E-07
0.983105	0.00	0.00	1.01080E-06	1.00000E-04	1.00000E-04	9.99310E-07
0.983613	0.00	0.00	1.01080E-06	1.00000E-04	1.00000E-04	9.99310E-07
0.984121	0.00	0.00	1.01080E-06	1.00000E-04	1.00000E-04	9.99310E-07
0.984629	0.00	0.00	1.01080E-06	1.00000E-04	1.00000E-04	9.99310E-07
0.985137	0.00	0.00	1.01080E-06	1.00000E-04	1.00000E-04	9.99310E-07
0.985644	0.00	0.00	1.01080E-06	1.00000E-04	1.00000E-04	9.99310E-07
0.986151	0.00	0.00	1.01080E-06	1.00000E-04	1.00000E-04	9.99310E-07
0.986658	0.00	0.00	1.01080E-06	1.00000E-04	1.00000E-04	9.99310E-07
0.987165	0.00	0.00	1.01080E-06	1.00000E-04	1.00000E-04	9.99310E-07
0.987671	0.00	0.00	1.01080E-06	1.00000E-04	1.00000E-04	9.99310E-07
0.988177	0.00	0.00	1.01080E-06	1.00000E-04	1.00000E-04	9.99310E-07
0.988683	0.00	0.00	1.01080E-06	1.00000E-04	1.00000E-04	9.99310E-07
0.989189	0.00	0.00	1.01080E-06	1.00000E-04	1.00000E-04	9.99310E-07
0.989694	0.00	0.00	1.01080E-06	1.00000E-04	1.00000E-04	9.99310E-07
0.990199	0.00	0.00	1.01080E-06	1.00000E-04	1.00000E-04	9.99310E-07
0.990704	0.00	0.00	1.01080E-06	1.00000E-04	1.00000E-04	9.99310E-07
0.991209	0.00	0.00	1.01080E-06	1.00000E-04	1.00000E-04	9.99310E-07
0.991713	0.00	0.00	1.01080E-06	1.00000E-04	1.00000E-04	9.99310E-07
0.992217	0.00	0.00	1.01080E-06	1.00000E-04	1.00000E-04	9.99310E-07
0.992721	0.00	0.00	1.01080E-06	1.00000E-04	1.00000E-04	9.99310E-07
0.993224	0.00	0.00	1.01080E-06	1.00000E-04	1.00000E-04	9.99310E-07
0.993728	0.00	0.00	1.01080E-06	1.00000E-04	1.00000E-04	9.99310E-07
0.994231	0.00	0.00	1.01080E-06	1.00000E-04	1.00000E-04	9.99310E-07
0.994733	0.00	0.00	1.01080E-06	1.00000E-04	1.00000E-04	9.99310E-07
0.995236	0.00	0.00	1.01080E-06	1.00000E-04	1.00000E-04	9.99310E-07
0.995738	0.00	0.00	1.01080E-06	1.00000E-04	1.00000E-04	9.99310E-07
0.99624		0.00	0.00	1.01080E-06	1.00000E-04	1.00000E-04	9.99310E-07
0.996742	0.00	0.00	1.01080E-06	1.00000E-04	1.00000E-04	9.99310E-07
0.997243	0.00	0.00	1.01080E-06	1.00000E-04	1.00000E-04	9.99310E-07
0.997745	0.00	0.00	1.01080E-06	1.00000E-04	1.00000E-04	9.99310E-07
0.998246	0.00	0.00	1.01080E-06	1.00000E-04	1.00000E-04	9.99310E-07
0.998746	0.00	0.00	1.01080E-06	1.00000E-04	1.00000E-04	9.99310E-07
0.999247	0.00	0.00	1.01080E-06	1.00000E-04	1.00000E-04	9.99310E-07
0.999747	0.00	0.00	1.01080E-06	1.00000E-04	1.00000E-04	9.99310E-07
